fork_left_distanced from_1.txt
67.358223
67.5272675
126.47345
125.805801
125.180214
124.711754
124.029053
123.263618
122.107803
121.251572
120.053825
119.061195
118.033417
116.773247
115.612473
114.454056
113.389328
112.259102
111.165367
110.026337
108.80986
107.561684
106.231247
104.858986
103.256882
101.843971
100.450981
99.2154694
98.0673065
96.9585037
95.8945847
94.793808
93.7284393
92.6386948
91.5041046
90.2474289
89.0253448
87.8023529
86.5955963
85.416008
84.2931519
83.4714584
82.4848633
81.383606
79.8958588
77.9079742
75.8154373
73.7427597
72.0956726
71.2055054
70.6399612
70.8503799
71.4303665
71.0078506
69.055069
67.151619
67.1158829
65.8169022
62.2832603
57.6605186
55.3461609
55.1370506
55.4094582
56.8825722
59.0379982
60.1352348
60.9063683
60.7132454
59.7463493
59.0014915
58.0161057
57.7196465
58.3316803
58.7305298
59.2041206
59.3844604
59.1554718
59.0143509
58.6056061
58.4490356
58.4103241
58.4147377
58.4351501
58.4057693
58.2432022
58.2824707
58.5145378
58.8752213
59.9120636
60.607399
61.3617706
61.8230476
61.6340027
61.0852509
60.3632393
59.8955345
59.3094101
59.0910339
58.943367
58.6837616
58.1009369
57.9194298
57.3450661
56.9255524
56.8716049
57.3164673
57.5442009
57.7067375
57.5890007
56.9904099
56.4757118
56.0197525
55.7223549
55.8144913
56.0333405
56.6074638
57.1404839
57.5888634
57.3211555
56.2290993
55.6091118
54.4766998
54.205162
54.0229988
54.083889
54.5870056
54.9245796
55.1246262
55.0187073
54.3674355
53.7866707
54.6010475
55.0305786
55.1146355
55.0120125
54.4295044
54.1353188
54.115696
54.2265968
54.6325455
55.6721382
56.3743744
57.2180443
57.2792549
56.4116898
55.9740105
55.4563293
55.3269997
55.643364
56.0066528
56.7454262
57.2486458
57.6455688
57.7068291
57.4910698
57.3267059
57.318306
57.4274406
58.0192757
58.2887383
NaN
95.6788788
37.3201256
37.919529
38.5763931
39.2523003
40.0159683
40.8769302
42.0121765
43.2055283
44.326786
45.0973282
45.7130623
46.2196274
46.1791763
46.1894188
46.9190788
48.2578201
49.7156143
50.8600464
51.8344307
52.914669
54.1341515
55.5517273
56.5415993
57.2922211
58.054184
58.5833511
59.2466812
59.6324501
60.6278114
62.1079559
63.9598465
64.7565536
66.3355026
68.3810196
70.8285599
73.4763718
75.8721848
78.4666367
80.9096832
83.4038773
85.3996506
87.4781494
90.2939148
92.4850693
91.0825119
90.100769
89.8925552
90.1702194
91.2920303
92.0840073
92.6728287
92.7504807
92.5754852
91.9692612
90.8078918
90.0926132
89.0192337
88.3041458
87.4779053
87.068428
86.2253494
85.9062119
86.0854034
86.2769318
87.3061676
88.2420578
90.8648529
92.2949219
95.1402435
96.6942673
99.8541183
101.037903
102.266426
102.012863
101.455902
101.507805
101.314682
101.053375
100.356712
99.8874207
99.4468689
99.0970154
98.4913559
97.550705
96.2956696
95.2354889
93.1509247
91.8945465
90.7905731
90.4151535
89.9558792
89.9237137
89.8909378
90.0182266
90.3312073
90.8421478
91.0209198
91.1690598
90.8103561
89.8715515
89.3619385
88.5557709
87.9342346
86.9191818
86.1452408
84.5420914
85.9648743
88.1659088
88.9848862
90.434021
90.7955627
91.2416534
91.2019119
90.9906235
90.5529938
89.6381836
89.1589508
88.7944031
88.9511414
89.2442627
89.5590363
90.0820389
90.667778
91.7923508
92.8328705
94.8254242
96.3454819
97.1317291
98.3936691
98.7919083
99.3492966
99.806694
100.638229
101.085594
101.678772
101.874954
102.503021
103.206123
103.306602
102.103836
99.8065338
97.1410828
93.8111649
NaN

fork_left_distanced from_2.txt
80.7194366
80.6196671
135.062881
134.961273
134.768051
134.949219
135.427689
135.778152
135.748917
135.035965
134.399689
134.566772
135.085052
135.256149
134.762207
134.468857
134.775238
134.27858
133.858124
134.668381
135.21637
135.33374
135.054901
134.6586
134.960144
135.812256
136.191956
136.165421
135.607407
135.199341
135.504105
134.45845
133.12381
134.370895
135.664398
134.703018
134.123184
135.164993
136.195847
137.517242
136.477676
133.337097
132.581146
133.767639
135.326263
134.251801
131.62616
133.160568
136.374817
136.363953
135.54805
137.040787
137.191666
135.628036
135.448334
135.748825
133.071487
132.588593
136.386856
135.940826
131.706299
131.640182
135.420441
137.062881
136.104355
133.561752
132.700897
135.271408
139.10582
139.459503
135.060959
132.641205
136.369095
138.153091
134.571396
133.354233
134.717239
134.084488
130.418259
130.904861
137.125504
139.869476
137.622467
134.057907
132.789246
134.719315
137.012741
136.517685
132.231461
131.982681
135.506012
134.891144
132.378677
135.509109
139.431519
138.243011
136.831879
134.383011
132.261841
134.411118
136.971985
135.161255
132.451416
134.239029
135.812744
132.459396
130.758026
133.17334
136.452789
138.301682
136.069412
132.507584
134.080521
139.368835
140.306793
136.769409
134.364822
134.251236
134.145142
130.531082
130.908783
137.357071
138.212158
133.902908
133.042831
135.377609
137.235489
138.138306
134.065063
130.295334
131.857193
135.052765
136.301773
133.328735
132.359238
136.296249
138.350494
136.411148
136.626892
137.705856
135.519501
134.595459
136.022064
134.611481
131.19223
NaN
81.3933105
140.483047
133.405304
140.981369
128.651001
140.265121
148.597687
131.250763
124.615738
120.801094
119.259392
149.414032
119.349785
141.119843
144.561478
120.413597
121.101715
116.554024
121.813873
117.794662
149.408371
155.570816
153.194916
132.078857
158.690552
121.489914
151.619888
158.89415
118.74575
157.489426
138.279739
122.008911
139.212616
109.37616
145.028625
111.16729
105.3396
123.29998
153.583069
127.308662
111.443565
111.277756
161.583786
106.277618
132.067139
163.49762
150.937943
106.788651
135.695862
109.69574
107.760765
139.9758
106.422546
163.215424
167.136566
164.288986
106.276276
114.628044
106.799141
110.470161
111.939301
110.129951
145.264267
161.483322
161.934189
107.661865
145.735291
115.590118
144.710434
144.537415
124.076126
141.821823
161.247757
155.761169
155.24762
135.756226
157.974197
152.599625
160.131805
148.220673
109.02021
151.047607
109.373283
156.352417
105.384705
68.260849
68.2813721
2.57944369
3.25521922
2.36098886
1.1530093
0.319593906
0.829687178
0.698295772
0.557077944
1.29497778
1.52187133
0.808424592
1.57544959
1.48714232
0.840698838
0.711344123
0.833217382
0.404935271
0.371150255
0.798684001
1.115924
0.862300396
0.475601137
0.257170647
0.167858794
1.08191299
1.29497778
0.599704623
0.145369962
0.46771878
0.795738578
0.814933658
0.332202464
0.353324473
0.375865161
0.414014637
0.402511925
0.643157661
0.5337587
0.341496646
1.09324825
2.21840858
2.84613228
2.67978406
1.9589467
1.4456389
0.352770239
2.09704518
3.45275354
3.24696922
3.25359488
2.58724785
0.671438754
1.06201553
1.01779509
0.65521431
2.68190145
3.38529658
3.12956524
3.13781166
1.86885977
0.561625659
1.66201043
2.01586533
2.48388314
2.28601813
1.19566739
0.341496646
1.06972635
1.15283942
0.828270972
0.257170647
0.422899127
0.931462348
1.24048901
1.27794123
1.02736318
0.214891359
0.270519704
0.403483003
0.4869847
0.711068988
0.174712971
0.98675251
1.32026899
1.34435701
1.08390081
0.866375387
0.317751855
0.66675967
0.905254185
0.985958934
0.722534359
0.652820766
1.24866498
1.47750509
0.753034711
0.973576248
1.41665065
1.20917511
1.22077143
1.30040658
0.962864816
0.750170946
1.64698863
1.91417742
1.18613708
0.928938091
2.64382458
3.7820127
2.59450054
0.409738958
2.72361732
3.45604086
4.62270689
3.40438604
9.71043301
13.1310959
10.0297785
8.51038551
6.45880079
3.42502689
0.382572979
0.141274214
0.854321063
1.22589028
1.66800475
2.2896111
3.41127992
3.29520869
1.67981279
0.734620094
1.39212656
0.735152662
5.22265959
8.63158131
10.7775669
9.76764679
3.89536023
3.76925445
3.57533169
0.923868716
4.11137438
9.30911541
11.5898485
11.603117
8.20566368
3.23512983
1.86098921
1.85593462
3.14267421
3.06969142
2.14027762
0.835328281
1.59801936
2.11488843
2.47828197
2.74929738
3.07306981
3.34878039
5.29235363
8.50708485
9.45140839
8.56868649
8.05266571
10.5221081
11.0904703
8.53218842
5.80032253
1.61688948
1.5437032
1.62365317
1.1848166
0.977187395
NaN

