hammer_left_distanced from_3.txt
81.6581039
81.3438797
141.673065
137.684082
133.974197
133.799652
135.788376
136.777893
134.956009
132.797867
133.603699
135.308228
136.608673
138.044891
138.090271
135.455856
134.832794
135.979462
136.069275
135.327469
134.82605
134.212982
134.295975
134.642685
134.879166
135.71759
136.095947
136.483994
136.274872
135.763748
136.34436
138.231049
138.710251
137.321121
135.168381
132.980972
133.794998
135.682175
134.885391
133.98616
134.759323
135.422531
135.74231
136.591858
137.006821
135.772171
134.867981
134.223129
134.441254
136.015915
136.389603
135.776047
135.112259
135.522736
134.934113
133.275879
135.294525
137.82254
139.519669
139.596603
135.931961
134.995102
134.947617
133.573837
131.967377
132.393509
134.115982
134.107819
134.121628
134.935074
137.001465
137.329681
137.12851
138.308136
138.151581
137.010788
134.952301
134.437073
134.943497
135.583267
135.133423
133.789948
135.166245
136.588394
136.704697
136.758041
135.66214
135.804626
136.788803
136.01651
135.373245
134.782562
134.966812
136.534439
135.239792
133.484772
135.58873
137.589294
136.920044
136.406342
138.406448
138.053619
133.932053
133.546371
138.295273
140.610199
137.839783
134.801865
132.681213
131.62677
132.487411
137.676788
138.737732
133.689804
134.99646
137.65535
137.485748
137.917358
136.336914
133.575653
129.669815
131.002167
137.481888
137.456879
133.518555
134.102768
135.932083
134.678726
133.88092
135.740265
137.384933
136.423203
134.997971
134.764832
135.446259
135.660248
135.150299
134.490204
135.415298
136.68689
135.122406
134.175644
134.940063
136.795273
138.033432
136.446014
133.332993
133.89032
138.151016
138.92627
135.871094
134.823853
135.406128
135.441299
135.277878
135.280197
136.477371
137.393845
136.258057
135.348038
118.773682
117.634453
32.7582245
34.6449928
37.9597702
36.2186699
33.4543686
34.643013
36.6720543
35.9220772
34.3021965
35.0804138
36.6773262
36.145092
34.7668571
34.9020615
36.1505356
36.0017242
35.5371819
35.9689178
36.4393387
35.8726578
35.19207
35.7406349
36.0093689
35.5884552
34.560154
34.2227402
34.6514473
34.530117
33.6788216
33.850235
35.820694
36.4213448
34.4923668
34.5077171
36.9189034
37.7022896
33.8056717
31.9254627
34.6402779
38.1840477
32.2192917
27.8049221
32.6650352
43.5726967
42.3937683
27.1875916
26.3555298
39.9296379
48.8588257
41.0907631
28.0641613
31.0958881
40.5149002
46.2964745
31.1418114
21.0293922
37.1495399
49.8864594
43.903656
31.5455666
41.5678101
51.8441124
43.1372032
25.2262955
37.9398575
43.4744987
39.758831
29.7623787
56.2664604
63.7547493
47.0628357
37.7134132
28.169817
34.5322533
47.0782127
50.4230232
39.1753578
30.2296352
34.9150887
37.1713982
38.6962013
45.3465233
42.906601
28.8375034
13.4426832
22.9082699
50.6190147
53.3058701
26.2051086
33.1407204
41.913311
41.5796051
25.9321251
27.1929436
33.5709419
30.7126293
21.8464413
28.5295067
44.531723
47.7565269
39.5900993
27.3686047
32.5748558
37.5237465
40.162529
32.2243042
25.0021458
33.9800682
41.6072731
42.5187187
30.7354546
33.1244164
42.2780724
55.1605606
54.5750923
38.4019508
42.3683662
51.7986755
45.8549728
30.7759991
34.6409645
47.1438599
44.6929321
30.4251842
33.3537025
46.1035385
46.9553604
35.3932915
36.595974
42.5186119
38.9001083
26.7220402
32.8660202
46.0522995
39.3442688
29.5462723
32.5794716
35.4613419
27.8789806
25.6413059
37.9110527
41.1672974
30.1586761
24.710638
40.9146042
44.4694786
24.8091488
22.7961674
41.9890785
39.2046394
13.2844362
14.0177479
44.3441582
50.4233475
33.9169769
22.8402443
33.7129517
54.0337906
81.2561874
81.1181641
1.93451774
2.78832221
3.29271269
2.69093657
1.61628413
0.414014637
0.58181864
0.537412167
0.377941757
0.78981483
0.815653741
0.614211977
0.378975838
0.315899044
0.742567956
1.98554087
3.13893437
2.86976242
2.77438712
1.64734507
0.938369274
1.77288198
2.09209299
1.65433908
1.30566287
2.23519611
4.48113251
5.44546509
6.53432035
5.98965597
4.19427967
3.76717591
2.14894724
2.7265625
5.86467886
3.68758941
6.14787388
8.76683331
4.49505472
4.30411482
8.2861948
8.79573631
5.57154751
1.4229908
5.99547863
8.72811985
6.93505716
4.0901227
2.02506733
4.43667793
5.93891001
3.58774185
2.62733698
5.03329897
3.73606873
1.53097379
0.601659179
0.882265627
1.35854721
1.80081058
2.26796722
2.5981946
2.27529073
0.921960413
0.798684001
1.55192137
1.74775672
2.65025783
3.71283102
4.91131163
4.25473261
3.62881947
1.94460785
2.43003011
3.14640975
2.78326297
2.28627491
1.12064862
0.580808759
0.804299295
2.44192195
2.74879909
2.84860706
3.13312888
1.0019058
2.34893751
3.70337892
3.52242255
2.03528595
1.76547062
3.82858229
4.68307781
3.46458459
0.998384118
1.19893622
2.60421467
4.03846931
2.85910153
2.50998664
5.44704819
7.55582619
7.88094997
4.70148802
1.14773607
2.70283985
4.47010422
4.79771137
3.46040034
0.279764831
3.073452
3.77221441
0.856836915
3.51329494
1.39815784
1.68155932
3.0852766
2.48766255
0.434312403
4.04428434
6.75273085
9.71211338
9.00773907
6.71670818
4.72260714
1.95764744
5.83008528
3.72020721
1.04941154
1.25320148
4.64544821
6.58901119
7.19669294
5.77675533
2.37932134
0.193826661
1.49396932
1.29875016
1.12691724
2.17726731
2.60428977
2.00476694
2.86122322
2.50483441
2.30978179
3.44605589
5.0983901
6.15654135
6.35773611
5.51405764
1.18448615
2.42890239
3.77418661
5.42765856
4.92839479
2.47092605
0.735684752
0.836498797
1.27010775
NaN

hammer_left_distanced from_4.txt
128.305649
128.148605
39.0175552
36.2729683
30.6271858
35.969696
43.8076439
22.8271046
37.3997116
15.7592115
40.5351524
26.0331345
41.7707062
40.626976
44.3477097
45.3132553
26.9123154
45.1194572
25.3055077
7.84367657
47.7566185
39.5693092
57.108902
52.1839256
17.4844036
32.3857574
43.2120972
58.8271141
51.6927071
37.7515221
17.8852921
16.6193523
25.8856583
57.5170174
21.5512066
47.3950272
35.1102104
71.5852127
79.0304108
33.4675369
76.053894
36.5926628
76.3218765
66.7207565
76.5119705
88.5352249
66.3162384
84.9489288
35.6287766
64.1918793
37.9289551
87.882225
71.9423676
56.318264
88.800087
48.0849838
79.504921
49.2700844
46.8264885
86.1102142
86.6807785
87.302948
83.8974304
90.1394806
89.9898376
71.5684814
54.0376663
51.9734383
40.8830185
40.115509
88.9292526
82.0953522
87.2714691
75.5796432
87.359787
87.0665054
84.9459229
57.2454529
82.7016373
41.4956818
79.5545349
39.9422951
78.009903
40.9014015
51.3642578
63.334404
47.6061134
51.8798523
53.6038284
50.2533035
54.1399956
101.773308
89.9020691
48.4619102
50.0520439
86.3181152
73.4416733
95.2752686
80.2377014
88.7627106
92.8790207
50.6449432
64.9751434
46.4068794
38.2858124
58.5469284
63.9195213
90.2117081
83.1616211
66.6038666
88.87323
67.6763535
61.7984047
41.7950249
39.3515396
78.3057251
40.3236885
86.2714157
83.8228989
49.1823082
84.0435715
33.0100212
79.8790207
84.8869553
46.6588326
74.8302689
59.044239
46.7054253
58.179512
39.2560577
82.285759
39.7329712
40.1044769
41.5120926
36.2994804
71.5877914
46.7499847
84.7649689
90.9036636
88.8091431
58.6752548
66.1307373
88.2436676
51.7939835
70.4028854
NaN

hammer_left_distanced from_6.txt
89.9403229
89.9280472
179.194244
179.552383
179.730942
179.371307
178.822464
177.99173
178.183823
179.121078
178.546127
177.224976
177.687775
179.154434
179.066864
179.509811
179.113754
178.670135
178.843262
179.384201
179.101471
177.791061
177.304413
178.354797
176.861313
173.633545
173.553711
176.378098
179.079529
176.654907
171.944778
165.285233
154.219421
153.797623
163.522034
169.55275
174.600357
177.073837
179.806183
179.570679
178.599457
178.926804
179.451065
178.89093
177.833725
176.774078
177.140015
178.919357
177.749451
177.937119
178.529541
170.884171
169.922348
170.714005
171.718719
176.51857
175.246918
176.435135
178.950027
175.15834
172.812561
171.876984
173.866882
178.833496
179.415497
178.634842
177.978027
176.967651
176.6409
178.151031
178.888123
179.487946
178.649261
178.271606
178.040756
178.490005
179.158371
176.873184
175.747849
176.445541
176.832703
178.89447
179.015442
178.364212
178.376465
178.572479
178.772995
177.877533
177.776581
179.148438
178.409973
179.380707
179.520309
179.154663
178.67691
178.69165
178.473633
178.360764
177.661835
178.828964
173.248199
170.756454
171.344147
170.947174
172.595642
174.630997
177.142197
178.924072
179.507431
179.385468
179.354416
179.345993
179.438736
178.733292
178.78212
179.389618
179.037949
178.697647
178.922806
179.596527
179.003784
178.585007
178.108551
178.16655
178.589432
178.60759
178.742905
178.369736
177.999146
178.765366
178.761093
177.528992
178.436279
179.577103
179.558548
179.097565
178.971115
179.063309
178.80188
178.62442
178.935776
179.022217
179.129562
179.650009
179.367279
179.145462
179.167252
178.854309
178.59166
179.135437
179.243851
176.704727
176.008255
177.284515
178.679001
179.86879
179.390259
179.314148
179.036118
178.809418
179.183151
179.874893
178.216217
177.247513
178.766312
178.428772
178.418976
178.939651
178.881271
179.099289
179.191574
178.612518
178.521317
178.950394
178.841904
NaN

hammer_left_distanced from_7.txt
116.958252
116.652367
55.6505661
55.5987778
55.6691399
55.6835518
55.7827797
56.0036545
56.0868454
56.162674
56.383934
56.1004066
55.6153488
55.5161133
55.3650246
55.3978844
55.7193604
55.7637291
55.5489578
55.3233032
55.0306015
55.139122
55.627903
55.8903427
56.0299454
56.0714149
56.2014389
56.2735558
57.0617485
56.4701385
53.3690224
52.6774788
53.8290405
54.2624741
54.7627449
55.1175156
55.1363983
54.9939156
55.1376572
55.2657089
55.216732
55.1619759
55.0514526
55.3970337
55.6216965
55.5167389
55.2147903
55.1644249
56.4750099
58.2029915
58.4809685
57.6327629
56.6512527
55.6187363
55.987999
57.0696564
58.1213989
61.4874687
62.8888588
61.4182587
58.2612686
53.4822998
53.3680687
52.2029686
50.6689301
47.5359154
44.3998032
43.7875252
46.7572098
51.054821
51.8889542
52.0718498
53.3120537
56.3697243
58.5669212
59.5960655
57.8197975
55.6726494
56.3216667
57.0954094
58.7960434
59.1661186
58.1799278
56.8648605
55.1125183
53.9630051
52.1105728
52.4696121
54.785965
57.0701637
59.6730156
57.7924385
53.964817
53.9303093
56.2263718
57.8523445
56.9471779
53.7139015
51.3592529
51.9053078
52.0696831
51.3097763
52.5811653
54.6608315
56.0291138
54.7580299
55.3229256
57.4481888
59.5131874
59.6703033
58.2289543
58.6800613
57.7223816
54.6389694
52.3492393
54.3573074
57.4304924
57.9077988
55.0745316
52.7747498
54.6038017
57.2899208
59.8808441
59.2565308
56.5698204
56.1106758
54.9510803
52.710144
51.7753296
51.4944992
52.2416306
54.4818306
55.5718651
55.3345909
54.0997696
52.636776
54.1975136
58.3358192
60.7104645
60.897686
62.3895226
67.1808243
70.0745316
70.4471054
67.425972
62.1622849
59.7540817
58.4970474
56.9706879
54.2243614
49.7890701
48.3973465
50.9075165
52.386219
52.6827316
53.7394562
53.9376907
52.5312309
51.3833122
50.6174049
NaN

hammer_left_very close to_1.txt
110.261482
110.153191
13.0235415
13.4090166
13.6198196
11.8442507
12.5301638
12.6757097
13.7990494
14.6642265
14.0156183
14.9662409
15.6652613
15.8136673
14.3604794
15.5107727
15.7153826
15.2111359
16.1754475
15.9657326
16.5372562
18.2283554
18.1010628
18.307354
18.0516682
19.905508
18.9167824
19.5556698
19.1079712
19.3959007
17.7584229
19.5488739
19.3654175
19.1766567
19.2221832
20.7693501
21.1397228
21.8490028
20.789566
22.5412331
21.297781
21.3926487
22.584837
21.7527885
21.2572479
21.9110889
22.5402718
23.3027477
22.396492
23.0774269
24.3167973
24.3916283
23.359333
23.979105
24.4116745
24.8642902
25.7167034
25.0655155
24.389677
25.0496712
27.1434765
27.7279282
26.5619831
28.0170155
28.5079327
27.5603886
28.020031
30.8562298
31.5277882
31.5803738
29.6077099
29.1193447
29.0886116
29.2163086
30.3871365
29.5920792
30.5457954
32.5431824
31.5364285
30.2854214
31.6715221
33.2231827
33.7039032
32.3560181
30.5284081
29.7198124
31.6272182
34.0489082
34.495739
32.0996437
31.2815189
33.0182571
30.1804352
29.3260555
32.7276039
33.1051216
30.3592415
28.2574673
27.7494488
30.4241447
32.2154007
31.5784779
29.356905
29.3257923
29.6912899
31.3619518
28.835762
26.7498989
29.3967896
30.493988
29.7988968
30.1367073
28.8360996
31.8995457
26.6819782
28.2336178
27.5410881
25.537529
26.3190269
30.5200176
29.4492054
30.5580826
30.618
32.8521538
33.9720306
33.360508
30.3095627
28.5505562
30.8595333
31.8811417
32.784832
29.6795044
30.7610798
31.8823681
32.3524742
31.7640686
32.2012939
32.4580345
31.9339352
30.0582447
29.2085056
30.1162777
32.3660278
31.8292389
30.6961231
30.4681759
33.2228584
33.8700867
32.0297928
30.306448
31.816309
32.5451279
30.7432995
30.4886494
33.713089
36.5517235
34.1909065
31.4555931
30.4555569
29.1691284
30.9187775
32.2701607
31.2174644
29.1830635
31.7187939
33.4945145
32.3792686
31.9786053
31.9811153
34.4581337
33.7037544
28.9404335
28.8681946
28.9356499
33.0704956
34.9816818
32.2366066
30.4638901
32.9185867
31.5268936
29.9965725
31.5726357
35.084446
31.6017666
28.7298088
28.0706654
30.5498276
32.6484566
31.6595383
30.5756187
29.1260452
30.7843151
31.4146805
31.5518074
27.7723026
28.5603008
30.654747
30.9878578
29.7478752
29.9826756
29.6170464
29.6957703
27.5199871
27.9857063
26.1930256
NaN

hammer_left_very close to_4.txt
120.594833
120.758553
70.4138336
69.6566849
69.1736755
68.5829544
67.9840469
67.8822327
67.2669449
67.0784454
66.8543015
66.5919418
66.8690567
66.5898209
65.7311478
65.8975983
66.6107483
66.2868118
65.9987488
65.7882385
65.1850052
64.170105
63.1338043
61.5688133
60.7307625
60.1123047
59.2599525
58.4086304
58.0878029
57.1734238
56.4152222
55.956604
55.5065041
54.0654068
53.3028145
52.9263382
52.2257195
51.2189941
50.8948593
50.5222015
49.9439163
50.4163132
50.9951897
51.444046
51.8682327
53.8983765
54.7632179
54.5237427
53.5912895
54.2885323
55.3837662
55.5883217
53.7352295
51.8494339
52.8657379
54.2546768
54.5755234
52.1532402
50.2058258
50.4647446
50.361969
49.4432945
49.4533119
49.1880798
47.8509521
47.4434547
46.6580582
45.665287
45.2872162
44.3872414
42.8050461
42.485157
42.2790718
40.4491653
38.1658287
37.0646286
35.8671646
35.5664482
35.4423523
35.0745354
35.1102371
34.2777138
34.7335167
34.5620842
33.9867363
35.6850471
37.3568802
35.493969
32.4745598
32.854351
31.9144306
31.8883018
35.5881081
36.0973396
33.3515396
33.6101952
31.8688393
27.0159111
27.9123383
34.2409821
38.5412941
42.0895653
42.6493835
43.952446
44.8994484
47.9268456
46.6974144
45.8392143
45.4940758
43.3164711
43.2904243
41.0938873
40.3998451
40.5022507
38.9561424
36.8688202
36.03899
34.9001007
33.3601761
31.4585342
31.0192165
30.2824364
29.2858982
28.8354435
29.5165119
30.3955612
30.207428
31.1865215
32.2920609
32.4591179
33.7721596
34.0489349
34.4666748
34.4554062
33.80616
34.0259514
33.8439445
33.9809952
34.6109657
34.160965
34.5609131
35.2215195
35.3127365
35.3640823
36.5332565
37.0427513
37.8550262
38.3570213
37.3972702
36.9273033
37.930809
36.5978737
35.9143219
37.2540436
36.9753799
37.0923767
39.6087379
39.7686424
40.4038734
41.4450684
40.9973755
42.9728966
42.0360909
39.7980118
39.759552
37.5827637
34.699852
34.8917694
32.887722
34.4471893
39.7316933
44.7160225
43.0406647
42.7190247
43.9252663
45.1424599
45.443718
45.7883072
45.4433136
44.5397034
44.5437317
44.6134567
43.265007
41.4463768
41.1507683
40.834362
40.4924202
41.1335869
42.2244186
44.0403633
NaN

hammer_left_very close to_6.txt
90.0342636
90.0806503
134.9077
135.002762
134.837204
134.587952
134.328979
134.419495
134.701324
134.757797
134.973083
135.404678
135.555099
135.581818
135.184586
134.587875
134.10054
133.786621
134.234772
135.662796
136.217697
136.12204
135.845932
135.048141
134.96022
134.987732
134.974884
134.277359
133.759277
133.433212
133.587387
134.939941
135.526688
135.638412
135.740524
135.859558
135.776733
135.379074
135.250885
135.067947
135.042068
135.220688
135.203781
135.255157
135.367233
135.387192
135.769638
135.67215
135.145874
135.195831
135.306183
135.299591
135.343826
134.981964
134.558975
134.252518
134.098846
134.587051
134.876221
134.981384
135.399857
135.53334
135.441376
135.414505
135.154221
134.927887
134.988129
135.090073
134.512634
133.93457
133.784271
133.889847
134.077957
134.204468
134.680008
134.849197
134.726761
134.941315
135.819168
136.325241
136.222244
135.754547
134.573013
133.268234
133.399109
131.989258
131.574081
135.043854
138.778061
143.55571
143.356644
139.461136
136.550522
134.677246
135.105301
134.883499
134.05661
133.339493
132.783203
132.137177
131.951736
133.340607
135.663589
136.105698
134.40538
130.22406
128.201416
128.188049
129.290787
134.050537
137.86058
138.542282
136.217041
131.058533
128.275986
126.131615
124.859299
127.596252
130.879288
133.393204
135.735352
137.783325
138.021164
137.123917
136.051498
134.415909
133.041595
133.224304
134.494385
135.150803
137.228424
138.244278
138.996429
139.541794
138.871002
139.560989
141.021576
141.06015
138.543686
136.723846
134.456345
133.489624
134.651657
135.763153
135.960388
136.368942
135.798599
136.037994
136.338791
136.165039
135.604187
135.117447
136.201691
135.978241
129.437271
127.83136
129.674484
130.937805
134.638855
134.527954
NaN

hammer_right_distanced from_4.txt
94.0067368
93.8706818
1.35609639
2.16473627
2.61419201
2.12835646
2.12991929
1.92070985
1.74450648
2.81376004
2.14018607
0.392170399
1.29558218
1.16331577
0.366908401
0.344917446
0.42887193
0.764894426
1.50727093
1.80341697
1.66401088
1.3440659
1.18001723
1.08426166
0.491782695
0.736747921
0.836030781
0.198810175
0.7255072
0.559531331
0.296075314
1.23368716
2.08712888
2.0643115
2.09396315
1.67596388
1.16600418
1.73471928
1.45266104
0.175829366
0.742304444
0.873573005
0.910856962
0.257170647
0.153233409
0.974580705
1.59409571
1.97139537
2.23860836
2.35592628
2.29490495
2.12624049
1.48740554
1.21964884
0.990118027
0.300665885
0.599704623
0.760790288
0.739134371
0.383084118
0.612617016
1.13763225
1.58065796
1.88585174
1.48490357
0.60522604
0.612297535
1.55292988
1.10570669
0.301315993
0.356082708
0.662638307
0.758729935
0.815653741
1.18663192
1.67841423
1.71177924
1.68574369
1.14995027
0.932092369
0.823294818
0.704155743
0.670563936
0.755369782
0.939411402
0.913645506
0.938160777
0.909567118
0.865245402
0.996029317
1.41166902
2.11636853
2.17852545
1.61252642
1.32780647
1.21547019
1.00268674
1.00833035
1.08082724
1.05998683
1.25554156
1.30671144
1.01990771
0.832982481
0.889994442
1.13832021
1.62894773
1.39072001
0.55602324
0.454134107
0.552846909
1.02850521
1.22764492
1.25273299
1.03627658
0.831807137
1.08930337
0.989920378
1.09807038
1.82841969
1.89516854
1.21964884
1.41236186
2.27477455
1.11258733
1.6246171
2.11377764
2.49520445
3.41575384
3.35578871
2.09620523
6.6162467
9.71923733
4.74330187
0.45240736
2.49457669
2.6380434
1.13401437
0.701092362
3.39049768
2.51209116
1.11117935
2.31156063
8.72814178
7.22086
1.38888967
2.25698066
2.40387321
1.63374615
1.71337903
1.04380238
0.642244279
2.36446786
2.04908633
1.6577661
1.89082646
1.47153282
1.0719192
0.880044937
1.12082326
0.805757701
0.300014406
0.500068545
0.368504822
0.208420008
0.380521625
0.575733125
0.935445309
1.93137884
2.22703791
1.95474637
1.92315352
1.5947094
1.2489785
0.864340305
NaN

hammer_right_distanced from_5.txt
107.06797
106.956703
26.2912388
26.4149323
25.8746262
25.5699577
25.540287
25.4586487
25.5608501
25.5770874
26.1861458
26.8080063
26.6801376
26.5420513
25.5245991
24.2659912
23.6876011
23.8594894
24.6871243
25.1381683
25.268362
25.1467037
26.003233
26.3776932
26.2855873
26.6386871
26.8492069
27.0713978
27.1214294
26.9886169
27.1475563
27.0749092
26.6693821
28.1493645
30.008997
33.1280289
34.4645615
32.1864281
30.4984035
28.5272541
27.1762753
27.4401455
28.1046696
27.4514465
26.8176289
26.2199154
25.4836712
25.0388699
24.9827061
24.889204
24.8278942
26.2291279
26.7578793
25.9431973
26.5313644
26.7439346
26.6448574
27.2946491
27.2264938
26.0435619
24.4167805
24.8836384
26.2104053
23.8714943
22.2904892
24.6185303
26.3727417
26.4006596
26.5883942
27.631834
28.4410744
28.221653
28.0062294
28.1106853
27.3345604
26.870266
26.1726856
25.1965904
24.4832344
24.3587608
24.2802067
25.1072865
26.511961
25.4575138
24.4884014
25.1723709
26.6204166
27.1654739
26.5711613
26.1402035
25.2822952
24.8087997
24.4384174
25.3211861
27.9801254
28.9970055
29.3777065
28.2544518
26.9926128
27.7139492
28.0225735
27.6832104
27.1681442
26.4107113
24.9067097
24.1302929
24.1424522
24.0342464
24.5166187
25.0620728
25.3951607
26.8852768
27.4036236
27.3544636
27.0117092
27.986311
29.4284859
27.3349266
25.3159962
26.4399014
26.8497524
25.3021603
24.7424946
24.889513
25.9050064
26.5214691
26.8837795
27.5710163
26.9258537
27.995821
28.1768913
26.6643753
26.2627125
25.7499123
25.2189789
24.9449577
25.1494064
25.0545425
24.9694901
25.5421638
24.4812908
22.6941738
20.0845528
17.5275116
13.9736204
14.0949984
15.713212
18.2167358
25.1640663
26.4043293
25.0764999
24.7432384
25.2822876
26.2024403
26.4125595
26.6005936
27.193079
26.2360649
27.4330673
29.8497105
NaN

hammer_right_very close to_4.txt
110.884209
110.729599
156.971222
157.158844
157.520523
157.480881
157.454025
158.627014
159.219299
158.792358
157.680893
157.155273
157.587082
157.041565
154.422318
152.231888
152.239655
153.438095
153.460861
151.561783
149.925568
149.198563
147.232239
144.722076
144.262344
144.157471
141.100769
137.514771
135.774673
135.234161
135.840057
134.263458
129.704025
126.789429
125.633644
124.238762
121.955299
117.634987
114.29155
113.732063
111.874626
108.897751
105.49408
101.516731
100.051231
98.6567307
101.875008
103.780701
103.904373
107.930832
110.383125
107.460648
106.155281
105.545486
105.670372
106.713539
103.217995
99.1078873
101.362366
106.105667
108.676208
108.947372
105.841064
104.839813
107.09597
105.860565
104.80632
106.687599
106.841614
101.089729
97.0202713
100.426094
106.866585
110.106339
107.050041
105.121727
106.428703
106.900566
105.92337
102.609695
101.837593
104.574249
105.982117
103.903374
103.956085
107.606514
106.244484
103.699127
105.634911
103.42511
102.014809
105.57959
106.172241
104.113678
105.188751
107.997925
107.023857
104.583015
103.136833
102.794052
104.251884
103.797699
99.7614975
100.250366
108.998138
113.206161
109.119751
103.969734
103.002197
105.124451
103.979179
102.637428
104.855614
104.697014
100.141266
100.268265
103.334053
107.800079
110.78653
106.627525
103.462563
104.357124
104.25869
103.002792
101.874947
99.873848
101.932899
105.782997
105.680351
107.188782
105.335335
105.228996
105.870338
101.594215
102.445473
103.952545
105.008972
109.519318
109.559303
106.427773
105.809616
105.750397
106.119003
105.08802
101.826897
NaN

hammer_right_very close to_5.txt
116.002281
116.129311
65.3252335
64.0835114
62.729557
61.7000656
60.9703598
59.8896523
58.4714622
57.8021011
56.7071724
55.9210396
55.5359154
54.6020012
54.1045227
53.4278297
52.9678459
53.287529
53.1974182
53.8895226
53.975956
53.9742966
56.0661087
59.1862526
61.5340767
62.8246536
62.9783936
63.1847916
64.5592117
65.9676361
64.4355392
66.6436462
67.2083282
64.2938232
64.1593475
64.8048935
62.9340057
62.1633911
60.9141769
58.9214668
59.5736008
58.4925728
56.6963615
52.8263931
49.6708336
42.1996918
40.0898247
37.9857292
39.2417564
41.6502533
40.3260117
49.573185
56.1513596
58.6323586
57.9647636
61.5170212
66.9441528
72.3640213
71.368782
69.8170013
71.4445343
71.0788116
73.4391556
73.4823608
73.0158844
72.8738937
70.0367355
70.5662537
74.040184
72.9651031
71.2969131
73.3345642
75.4157181
75.2569504
76.503685
76.4763489
74.0930252
72.2360153
70.4655991
70.8704147
69.7142944
68.8847961
69.5713272
71.2059097
73.1763458
73.4898224
74.0975571
71.062088
66.9626999
65.0044556
60.2895126
59.8252182
59.5864563
57.9020004
55.1091003
51.6622314
50.2755051
49.4280243
51.5784721
48.1406784
40.9993629
42.8032074
49.9042511
46.0849991
41.9020004
53.0293045
61.5562668
61.2845612
60.9418373
62.1771202
60.3565598
60.7013321
61.4779396
63.3834991
65.6514816
68.5466614
68.8092422
69.2256927
70.42202
68.0506744
67.3152542
65.1673126
64.8576965
64.5054626
64.0896072
62.9750366
63.5506477
65.5973892
63.2146034
59.7838287
NaN

