kitchenknife_left_distanced from_1.txt
71.7798309
70.530365
16.4494553
19.1095276
14.2856855
15.3653269
9.78934383
24.6975231
25.5773869
25.2568951
3.21862769
5.70097065
25.9925041
22.6655502
6.72070742
17.5625286
26.0821381
15.1474609
28.002573
24.0192509
2.41913223
17.5548878
29.8573532
14.6178837
29.0766373
30.8237019
31.3162022
32.1085701
16.5005741
24.17313
19.3699379
35.6186485
22.5392838
19.164156
15.6894636
44.4912186
51.2336006
39.0893326
29.6267834
41.182621
31.5956707
56.982933
61.0672531
42.9939919
41.031311
62.7362175
60.8280678
35.2994995
49.5348206
37.2983971
66.236763
65.1467743
32.914875
43.9140778
36.0328369
62.1851578
57.387886
32.6714325
49.3836098
47.9937592
37.9769363
56.2986221
46.4708405
39.7737541
42.1016655
42.1734047
38.3646545
49.6239357
45.0420265
43.3341522
36.0859032
46.8022194
55.2142372
58.584446
45.802021
44.2927475
41.538372
61.9360466
47.7122955
61.805336
48.0048485
63.688839
33.5209198
54.2712898
36.1887207
60.3842354
40.150219
34.5742302
41.7391243
41.602459
43.3526649
55.7418213
53.612442
40.4526253
55.1405907
64.2097397
64.5368271
64.1132278
42.8380814
37.9514923
39.4477806
45.8583603
49.2769775
39.3698654
65.4270172
48.8710022
67.4135208
58.5268211
42.0875969
43.514473
62.5995255
64.1753159
43.6382484
55.1653671
35.5758553
54.240757
33.6848907
56.0730553
36.2773399
40.2672501
50.8598175
60.5532837
32.8736267
57.4743195
46.5611
58.9832802
56.8187675
47.4298058
50.9205208
49.9580536
44.3815994
38.932106
33.3610916
54.4425812
59.5900345
51.8437309
45.5732727
53.2610283
47.6521454
37.5392075
62.10849
61.8644066
59.994648
59.7441292
38.5825157
NaN

kitchenknife_left_distanced from_2.txt
65.1350021
65.2958069
165.712402
165.796173
165.848267
165.499878
165.330734
165.405228
165.591064
165.565735
165.8564
166.449066
166.547409
166.859802
167.044388
166.433182
165.548782
164.685837
164.19278
164.210709
164.742096
165.609497
166.117203
166.485611
166.488281
166.294144
166.363113
166.432159
166.451736
166.358093
166.145782
165.36377
164.872803
164.961945
165.282089
165.763519
166.168823
166.565048
166.802704
167.116791
166.946777
166.267456
165.878174
165.438477
164.105316
163.725952
164.900604
166.156128
168.426041
168.967361
167.955368
166.484116
165.364136
164.504501
162.364975
162.148804
163.478943
164.801056
166.753616
167.774109
167.797958
167.307007
166.677032
166.108719
165.143738
164.799225
164.916306
165.001328
165.724945
166.396271
166.778503
166.84462
166.500854
165.917725
165.144104
164.999786
165.081512
165.250778
165.518021
165.647095
165.71489
165.756027
166.020798
166.872635
167.36795
168.218491
168.1604
167.318588
166.635696
164.657013
164.152664
164.537689
164.642075
164.894806
165.365982
165.638458
165.443619
65.9595718
65.2828445
17.2483177
18.2778034
17.9312401
22.0627899
17.9394341
18.6992054
21.5637074
23.0600128
16.0249348
14.1100521
18.2419319
9.20107555
31.24189
17.1854019
31.7693348
11.3855333
28.8581448
30.062603
15.9904461
32.2564659
10.1376228
33.0410385
34.4796028
14.1877022
20.562336
33.2988052
27.3542938
31.2535076
31.2032318
40.9126892
18.0604382
19.4948521
41.8903351
30.9288177
39.6524544
32.8325539
43.0007019
23.7174721
25.8648262
28.2448425
42.9427261
30.5125828
36.6263123
44.4651947
36.3777809
36.1525688
58.1688499
40.6297684
41.6297951
56.4642906
40.3426247
63.3928719
63.4392128
59.6041794
45.6161537
40.3055801
37.7983627
55.0778999
44.0091248
60.0652313
60.9868774
61.1031532
62.6536331
64.0678482
65.6392288
45.9169388
57.1295242
70.1978302
51.9703751
64.5976334
67.4347687
78.023407
63.9734459
77.1669769
62.9061928
64.2086945
72.4860306
52.8479691
73.9986343
70.751358
71.1475677
71.5360641
64.2735672
76.3841019
76.126091
73.6863861
75.6108475
61.5371857
75.0897827
73.2062454
72.5042343
73.6045456
56.1612511
73.11203
51.9130898
70.6271362
59.2962112
75.1302795
74.5986404
64.4266815
57.1296616
77.3513718
54.5871086
77.9451904
77.764122
65.5666504
56.0876465
66.734375
59.283268
51.8230476
65.2848129
53.925087
72.2937546
55.961132
72.7675095
61.8004799
76.5908432
74.5706787
75.3884964
65.4997787
50.8337135
68.9056091
64.8311996
72.0717239
70.9513779
56.9118423
52.4374504
54.9114304
61.5039215
75.5099716
76.8056641
65.9451141
66.9484024
62.2148056
86.495903
75.1231461
82.1287613
87.0846634
71.6464233
64.200943
63.3524857
74.1491623
79.3409805
72.8297043
78.3915939
81.0497818
81.3758316
61.1589355
77.3351059
55.3861847
76.6108093
54.4838753
67.4956436
65.3912048
63.0603027
73.6035233
53.4533768
53.9608498
72.4794159
74.7771759
76.22686
76.1650314
70.4684067
74.1146469
68.4581604
62.2767715
64.7405624
48.2854462
47.6922035
48.696312
54.2263222
51.7246742
72.2926407
NaN

kitchenknife_left_distanced from_7.txt
73.8818817
75.3856354
38.7488365
38.8286743
37.9125862
37.2508392
37.1864471
37.7658615
37.6650734
36.7358208
36.6925964
37.5732727
37.7899628
36.9355698
37.4376373
38.5767365
38.8581505
38.2680359
38.5563126
39.3936806
38.4878082
37.6598129
38.4082375
38.4220886
37.7403641
39.5288239
40.6958237
39.1566544
38.9978943
41.5505943
40.8666344
38.2974739
40.0718422
41.6021042
38.6160278
34.033432
36.0877495
41.4796753
38.9330444
33.8078537
37.0367661
38.7507896
34.9674492
34.8840981
37.8723145
34.1051521
32.6394882
38.1913528
38.7959251
34.0424614
34.0151978
37.7931633
37.4751472
37.6212616
37.8480988
38.3132935
43.2326927
43.6814995
39.749485
42.2904587
46.6030426
42.7614365
39.9332504
43.7625618
41.4657974
34.8629951
36.791523
39.7353477
35.1233482
32.448082
39.3170433
44.0093727
37.9684792
31.682291
35.1840706
39.9015198
34.8783989
31.210659
36.5676651
37.1851845
29.4642487
31.4453373
39.9212761
37.9025917
31.7829266
35.2942429
39.3050079
35.8411217
32.7638931
35.4844322
38.6406784
36.6553955
34.35812
37.1004982
39.6602631
38.9127579
39.9094734
40.775898
38.1452179
35.5049934
40.1739464
46.0575447
48.5685081
46.721611
46.8369255
46.1582756
38.9998322
36.8570175
36.9241142
36.6094551
35.2434807
34.7763596
36.9074211
37.465538
36.9645958
36.1990776
36.6074753
39.2244339
40.1888351
41.2398033
42.2160416
40.5114212
40.4459572
40.4527245
38.0016212
38.589817
38.9084206
37.2173691
36.2825966
36.2498741
36.7793198
36.6398697
36.5741882
35.6640282
35.2313957
35.2625656
36.3066101
37.9392128
38.7037163
40.3865318
41.5020599
44.4046097
47.6131744
48.9301147
46.0087891
NaN

