mug_left_distanced from_1.txt
52.5307999
52.7082672
72.2867126
72.6433716
72.8886414
73.1496735
73.402504
73.4808273
73.5240784
73.6957016
74.0200424
74.2013397
74.235878
74.3452377
74.7213821
74.9172897
75.1576843
75.6011353
75.9901733
76.206871
76.5458145
76.6118393
76.9974976
77.5563583
77.8988266
78.4037933
78.9788666
79.7068253
80.2119904
80.6823654
81.2878647
81.8839722
82.3133163
82.6364517
83.1048965
83.5236893
83.9011688
84.3595123
85.1488495
85.8483963
86.347847
86.6994324
87.0895996
87.6783981
87.9848938
88.400322
88.8494873
89.3431396
89.2949982
89.1654053
88.9321976
88.4703598
87.9042587
87.2371292
86.7964783
86.3234177
85.7556076
85.1132736
84.5666885
84.1182404
83.649353
83.0154648
82.3463669
81.9546585
81.2967606
80.4388046
79.9176712
79.8165131
79.3435974
78.4008102
77.5040665
77.4515076
77.4072723
76.6922302
75.4120407
75.6616669
76.5515366
76.2482681
75.8465576
75.5314255
75.7016754
76.0617447
75.865654
74.89048
74.7713623
74.9413071
74.8625488
74.709671
74.8997726
74.6809387
74.5381699
74.2707367
74.1484146
74.129921
74.2520218
74.1255035
73.9995117
74.1941833
74.1594467
74.1038208
73.9426422
73.9176865
73.9450607
73.7356873
73.5087585
73.5440445
73.7578506
74.0445633
73.9532928
73.4522247
73.4218292
74.0207062
74.2926331
74.2248459
74.435791
74.4789505
74.4101028
74.4303513
74.404007
74.3731537
74.3190994
74.2360992
74.1557465
74.3967285
74.8607635
74.7928085
74.4393616
74.2646866
74.1942444
74.2323303
74.039711
74.2536469
74.1765213
74.1866226
74.2994843
74.4355316
74.716095
74.461441
74.0156555
74.0289993
74.2232971
74.2713547
74.335022
74.3907166
74.3892288
74.4844131
74.5039673
74.3149033
74.3524399
74.0449677
73.4237289
73.4448853
73.8827209
74.0685349
73.7962036
73.4643784
73.3630524
73.6293335
73.9411163
73.9470062
73.9751358
74.171257
74.2950821
74.2879486
74.1543732
74.233757
74.3878326
74.3091278
74.3212051
74.3809509
74.5294113
74.7132874
74.9319687
74.690567
74.745079
NaN

mug_left_distanced from_4.txt
52.8090591
52.5529861
60.6369858
61.1437988
61.4558372
61.4150047
61.325058
61.1941261
61.4165688
61.6713028
61.4156494
61.2543716
61.3542252
61.1857491
60.6323471
60.4426613
60.830574
61.3888588
61.8535233
61.8719444
61.7801399
62.168335
62.8527794
63.1786613
63.3021317
63.418457
63.3238029
63.0996323
62.8065186
63.2676125
64.1243439
64.2722702
64.1745148
64.344368
64.7911148
65.1639633
65.2948151
65.1666107
64.8378296
65.1867065
66.0136414
66.3656845
66.4498672
66.7913361
67.4545364
67.8366623
67.8332596
68.1314468
68.7809067
69.0149078
69.6721725
70.0847778
70.1615372
70.3259888
70.5963669
70.6243668
70.4322128
70.2879562
70.809082
71.5923462
72.0813904
72.5560684
72.9552231
73.4684143
74.0588608
74.526947
74.5155029
74.43853
74.884201
75.5736694
76.1463547
76.4687347
76.7089844
77.072998
77.583046
78.3598328
78.9740143
79.2804413
79.5882797
79.696785
79.7317352
80.2968445
81.1155624
81.6452255
81.7403641
81.9358139
82.3732681
82.4595261
82.4778976
82.4387894
81.1270599
80.4507904
80.5336533
80.4741745
80.6787567
80.916275
81.070343
81.1544952
81.0605469
80.8858643
80.6828232
80.4363632
79.9823685
80.1221771
80.7960358
80.8348694
81.6489334
81.766777
81.5317154
81.045639
80.516983
80.7515182
81.0659485
81.0175018
80.599556
80.1753006
80.1532288
80.6511383
81.1508942
81.624176
81.5190964
81.5925446
81.2051544
80.7725677
80.6661224
79.7304916
79.8121338
80.8498383
81.2326431
81.9546509
82.0841293
82.2703934
82.2027817
81.9988251
81.522934
83.3987427
81.4927216
82.0787506
82.6705627
82.5394592
82.1374359
81.8366852
81.5872192
80.9363937
80.1387024
80.1123886
80.4048615
80.3675919
80.8145599
81.4479065
81.642395
81.7005768
81.3935318
81.1105804
80.3197708
80.2506561
80.5994339
80.7348557
80.9010773
80.6867981
80.5738068
80.805275
81.2975922
81.6786575
81.5937805
81.1799011
80.9754486
80.2154465
80.0588608
80.403923
80.5086975
80.8690033
81.0470963
80.983963
80.8212585
80.8209
80.7459869
80.2712555
80.2458496
80.748291
80.4806442
80.6607666
80.7297058
80.9748154
80.9596329
81.060173
80.974968
80.7066879
80.5578766
80.1460037
NaN

mug_left_distanced from_5.txt
53.2746239
53.3874931
70.9156342
71.3983231
71.7868118
72.0291748
72.1982193
72.2552338
72.3519592
72.4256744
72.6772308
73.0955124
73.6637878
74.3839493
75.1514969
76.0165253
76.8451309
77.6994019
78.4533463
79.2254486
80.0624847
80.8893127
81.7540665
82.6336517
83.5806274
84.5241241
85.5703201
86.7355042
87.9206314
88.993187
89.1948318
88.2392349
87.2084122
86.24086
85.195343
84.0809784
82.9287796
81.8368149
80.7541275
79.7308884
78.7392502
77.598732
76.4205246
75.3296051
74.3515701
73.4168167
72.5173721
71.8225098
71.3677444
70.898735
70.4513397
70.0165329
69.5589142
69.0976563
68.8145905
68.0580292
67.7819214
68.0533524
67.169281
67.5506973
68.7845688
70.5431976
70.8347015
70.9075089
71.0919342
71.2599182
71.3325729
71.3971939
71.4284973
71.327179
71.1064072
70.894104
70.6525803
70.376503
70.2762756
70.2900543
70.3779526
70.6412354
70.8173981
71.0804596
71.2328568
71.2199783
71.1114807
71.0152969
71.0085907
70.8546295
70.6559601
70.5331345
70.658287
70.8237381
70.9599228
71.1568756
71.2789688
71.2957535
71.2307281
71.2448578
71.1782761
70.9949341
70.896286
70.6903915
70.5512619
70.435524
70.4161453
70.4767914
70.6333542
70.868721
71.0100937
71.1773376
71.3120651
71.254715
71.2647476
71.3509064
71.3122177
71.2232285
71.0870361
70.9674683
70.7010422
70.5528488
70.4834137
70.443573
70.7350616
70.89505
70.9919128
70.7985077
69.6406021
69.6047134
70.813324
71.2995148
71.5316162
71.714241
71.8322525
71.2583008
71.742981
71.631546
70.963089
70.8585815
70.5087357
70.5689545
71.7836304
72.4178848
71.4488831
69.9976273
69.4739914
69.9755325
70.4547729
70.6130753
70.5569305
70.6191406
70.7446365
70.9127426
71.0582886
71.2466507
71.3235855
71.3482285
71.4066849
71.3851929
71.2331009
71.025795
70.8957291
70.6719513
NaN

mug_left_very close to_1.txt
51.5986099
51.4758492
60.1678543
60.0406342
59.8425407
59.6754532
59.5199852
59.3755112
59.2191391
59.109436
59.1864738
59.2138214
59.1579552
59.0373497
58.9580917
58.959301
59.0154915
59.0795059
59.1586266
59.193943
59.3863106
59.7004509
59.8896332
59.8864632
60.1604424
60.4715919
60.8937263
61.1897926
61.4349174
61.6160812
61.740097
61.8182945
62.0295639
62.3590546
63.0874062
63.8747559
64.5674896
65.1063156
65.5352554
66.0254059
66.4759674
66.9215927
67.0226746
67.3410492
68.0396576
68.7886429
69.3834534
69.8307724
70.4086456
71.3928299
72.6029663
73.1205978
74.718956
78.1932983
80.170639
81.4049377
82.0259781
82.0924301
83.2986603
82.9970398
82.118782
78.8642197
77.5557251
76.9967957
78.0625916
78.4434967
77.694252
76.74263
76.6868439
76.3935242
76.2483292
77.2030411
78.4361572
79.2731857
79.3946152
79.6515656
80.5601501
81.5025558
81.1998291
80.5712738
80.0382462
78.4764481
77.4241714
78.1244659
78.3560638
77.941597
77.5332489
77.9689407
78.0717316
78.1690903
78.7565002
79.3614273
80.5064926
80.924202
80.5563965
80.14814
80.2578354
80.445488
80.1071472
79.7252579
80.0743866
80.333992
79.6878052
79.5321655
79.473938
79.3130493
79.0545273
78.6113434
78.3798676
78.093956
78.0022964
77.1950073
77.0101624
77.4660187
78.9608459
79.7594604
80.2403717
80.9460449
82.5544281
83.1258392
83.1051941
83.3795776
83.4137192
83.3670959
83.6064758
83.8210449
83.9270172
83.6078033
83.5161514
83.0975571
82.7297134
82.4122696
82.4440231
83.2270813
83.7107468
84.3059921
84.4150238
85.043602
85.7538834
86.2988434
85.5374603
83.04142
81.0020905
77.9469833
77.6065674
78.8372345
79.8342209
80.4670792
79.7733994
77.4056854
75.6946564
74.8130035
75.183075
76.5039597
77.2059937
76.8395386
75.848114
75.8798752
75.7857513
75.3947525
NaN

mug_left_very close to_4.txt
55.1933098
54.4353104
108.678818
108.944458
108.620316
107.971756
106.774582
106.207153
105.705307
105.463371
105.371826
105.321503
105.265594
104.795395
104.029594
103.379807
102.808395
102.295807
101.729057
101.160133
100.526741
99.9537506
99.3322906
98.7794647
98.2459412
97.7919769
97.4039001
96.9873657
96.6640701
96.2647247
95.8585358
95.3908691
94.9682693
94.5092773
93.9759064
93.3903503
92.7952271
92.1461945
91.5775757
90.9890823
90.3902969
89.7616806
89.1916199
88.5727997
87.9767914
87.423996
86.8789368
86.3737793
85.8461151
85.2967606
84.7312927
84.0836868
83.4346466
82.8532486
82.3275757
81.8119202
81.3326263
80.9437103
80.5684357
80.0561066
79.3973389
78.5177765
77.7784729
77.0322571
76.3824234
75.7911301
75.2817307
74.8061218
74.6137314
74.2757263
73.5040131
72.6316986
72.2772064
71.9786682
71.9301071
72.0466156
72.3362885
72.1473541
72.0450974
72.0849686
72.2077484
72.4855652
73.0135498
73.3949051
73.6487198
73.5450439
73.0904007
72.8784332
72.6790466
72.6939774
72.9135895
73.0951843
73.4915619
73.7230148
73.8594818
73.8210754
73.7017975
73.6338654
73.6812286
73.8865204
74.0954285
74.2065811
74.4022827
74.5857391
74.6047668
74.7252197
74.8782959
75.1887207
75.437355
75.8166962
75.931488
75.6653748
75.4380646
74.973877
74.558342
74.2412567
74.1273117
74.1208496
74.2057953
74.237236
74.2032776
74.1968994
74.1833954
74.248497
74.3499985
74.4825058
74.5597305
74.4657135
74.3242035
73.9639893
73.6917572
73.7923431
74.1291351
74.8442535
75.2113647
75.4450455
75.2473221
74.524353
73.4439011
72.9196625
72.7717056
73.1853638
74.3319931
75.392334
77.1194458
77.4087906
76.8121033
76.8045502
77.3750153
77.0595016
75.291687
74.2285004
73.0698318
72.6676636
72.9500122
73.5128632
74.6009827
75.149437
75.513649
75.4225464
74.9355316
74.4885254
73.9409637
73.8035278
74.0792542
74.2771454
74.4785995
74.5616531
74.4819641
74.4294586
74.2407227
74.1452179
74.0904617
74.0548096
74.0918961
NaN

mug_left_very close to_5.txt
51.9210243
51.9754486
68.5820084
68.8105469
69.0130463
69.1648178
69.3248672
69.4498596
69.5854111
69.5268097
69.3664093
69.4363098
69.3735733
69.8183441
69.899353
69.9979095
69.7438812
69.940506
70.1778183
70.4752197
70.9305801
71.1132431
71.376442
71.6466751
71.8546143
72.0809479
72.238533
72.5167465
72.7975616
73.1250305
73.6296768
74.022171
74.4882126
74.7575836
75.2752151
75.760704
76.2459793
76.6833038
77.0776672
77.365509
77.6460876
78.0783081
78.7484818
79.2532578
79.8080978
80.5892334
81.2412796
81.7851181
82.3327637
82.8951263
83.4571915
84.0088959
84.543251
85.0921936
85.7049866
85.7654877
86.4334869
87.3380432
88.0525742
88.7252045
89.2837067
89.8725586
89.2866516
88.5756302
87.9447632
87.3279343
86.6255951
85.8700562
85.1596909
84.4426804
83.6682053
82.8223343
82.026123
81.081398
80.3392487
79.5830841
78.8231125
78.0404205
77.2877579
76.4874573
75.6797562
74.8553848
73.9679413
73.251297
72.8584747
72.5132141
71.7277679
70.848793
70.0210648
69.508934
69.5544357
70.1641006
70.174614
70.2491302
70.3926163
70.3760986
70.3504257
70.3407822
70.3003082
70.309494
70.3337326
70.3132782
70.2509766
70.2360382
70.2414856
70.2879562
70.3577347
70.5664215
70.6063309
70.6512375
70.6899033
70.6953049
70.5607681
70.5290298
70.4499893
69.2193909
69.4345093
69.7141418
69.82061
69.8340759
69.8026352
69.8235779
69.8028793
69.7711411
69.7531662
69.7017746
69.662117
69.8590317
69.9299316
70.0435028
70.1264954
70.2342072
70.2380447
70.1279297
70.0197296
69.9867096
70.0205231
70.1511154
70.1240616
70.0721741
70.2621765
70.2380524
70.2375412
70.1164246
70.0792618
70.0054779
69.9752808
69.9473801
69.9635239
69.9350357
69.9264221
69.944809
69.7855911
69.9138336
70.1902542
70.1982956
69.4083252
69.3747482
69.3122787
69.2339096
70.0485077
69.9916763
69.6848831
69.6091232
69.8713989
69.8765259
69.8808823
69.9268875
69.9007492
69.8862
69.8748169
69.9402618
70.049057
70.1803818
70.1847687
70.1800537
69.9607697
69.9678421
69.9649963
70.0046616
70.1803207
70.1902771
70.3244781
70.3140564
70.2653122
70.1768112
70.1063004
70.0381165
69.9724579
69.7762604
NaN

mug_right_distanced from_5.txt
44.5885735
45.3980293
53.5862427
53.7371712
53.8400307
53.6885986
53.2876778
52.9588966
52.824791
52.7178192
52.4771347
52.3912659
52.5462532
52.7572937
52.6156044
52.4521103
52.4679337
52.7558594
53.0252762
53.5441399
53.9401207
53.8325996
53.0902176
52.6744118
52.6635551
52.9897766
53.5234032
53.6391411
53.2742233
53.0557404
52.805954
52.6983299
52.6064034
52.5676308
52.3175316
52.4805603
53.037323
53.4383354
53.7564163
54.0650063
54.5861397
55.1226425
55.8871269
56.1530228
56.0477371
55.9772377
56.1540985
57.1687126
57.8119736
58.1710091
57.8500023
57.0776138
56.5421791
55.7484436
55.6567307
55.8970833
55.7639389
55.4963417
55.3267136
55.3384972
55.4356117
55.6288834
56.0159721
56.6389809
56.9951134
57.5546989
57.7896156
57.5865555
57.4036903
56.8298759
56.2606049
54.8465271
54.0044556
52.2845879
51.0067253
48.7645683
47.5295067
47.6827316
50.6327171
53.1024513
52.7874222
50.9846725
49.7436142
49.7350349
50.0242844
50.345459
50.5930214
50.8878746
51.4447403
51.7534943
52.7215233
53.4703979
54.3266678
54.7942123
55.4753227
55.8077202
56.1651039
56.2820091
56.0695763
55.7093964
55.2382317
54.9193611
54.7133751
54.7774467
55.2468338
55.7711868
56.5260162
57.1564636
57.8070679
58.3670006
58.5090256
57.8966179
57.1635208
56.630867
55.8817024
55.461628
54.943943
54.7720528
54.8074074
55.000618
55.4900551
55.8924026
56.2640305
56.2315407
56.240921
56.1295471
55.7873039
55.2024117
54.6531105
53.3356934
52.3727875
51.3347969
50.7300644
50.1109772
49.8949699
49.6869736
49.7099571
50.0001488
50.4877586
51.9085426
52.66996
52.2625008
51.014225
48.2587585
46.9691811
48.4022179
51.1639862
53.5138474
54.7321892
56.0979042
56.6686325
57.3710136
57.5965614
57.599308
57.5473366
57.085331
56.5544624
55.9875717
55.5512543
55.2430992
NaN

mug_right_very close to_4.txt
46.5884895
46.6167488
54.3187332
54.0877495
54.1200676
54.2836151
54.3789291
54.3929024
54.3766823
54.2694244
54.3614235
54.6528816
55.1865578
55.3780441
55.131073
54.703804
54.4220848
54.3090324
54.1243744
53.8901176
54.0595207
54.2385788
54.2405357
54.1217232
54.1992989
54.1742859
54.2714081
54.6057854
54.8495293
54.8362846
54.8577766
54.8801765
54.9459
55.0033531
55.170845
55.432045
55.7246819
55.9745331
56.314888
56.8861008
57.2536392
57.5786934
57.7736206
58.0262337
58.4061089
58.8320961
59.2043381
59.7563477
60.3679237
60.9990387
61.1032906
60.6183662
60.8192711
61.2977791
61.6541023
62.2260551
62.626545
62.8274002
63.2673378
63.7572021
64.2019043
64.4959717
64.8599472
65.2491531
65.3416061
65.4447937
65.957962
66.5053101
66.8666
67.1693039
67.4470291
67.4356155
67.4112701
67.894043
68.6575699
68.8926544
69.2661743
68.1852036
65.232872
64.7333679
66.9041595
68.2717514
68.3916855
69.0010147
69.434288
68.8790283
67.5610046
67.186821
67.7338257
68.3193741
68.2228622
67.7401428
67.5557251
67.1005249
66.5296783
65.8332214
65.9143906
66.2031631
66.6571198
67.9157715
68.8831558
69.1034393
68.1392212
66.9073715
66.6686707
66.0659256
65.6215363
65.0975266
66.0428772
67.9231339
67.2707443
65.6921768
66.1031799
67.4990921
68.7349091
71.3788757
71.2278748
69.3702774
68.448616
67.3396378
66.5584717
66.3672943
66.205925
66.2868576
66.9764633
67.5878983
68.153244
68.0801163
67.527359
67.7695847
68.4885864
68.6740646
69.5709839
69.5786743
68.2638702
67.077179
66.5574341
66.3382339
64.3991776
63.9055595
64.2488937
64.6095581
65.2709122
65.325676
65.4720688
66.2901459
68.0084152
69.106308
68.3453674
67.2564697
66.4413605
65.2898102
64.9944153
65.3390808
65.4144287
65.4871826
66.2324829
67.7616959
68.3714371
68.8529358
68.764183
67.6093063
66.8049469
65.2596283
64.3758545
65.0462723
65.8251877
66.5537949
66.5397568
66.1742783
66.260025
67.1954193
68.0448456
70.3218918
71.8853378
NaN

mug_right_very close to_5.txt
40.9068146
40.9485207
53.5100403
54.1963615
54.0938683
54.8564796
54.9955177
57.077446
60.4649124
60.8712273
61.6628609
62.2000351
62.5649567
62.3962936
62.1184616
62.0970879
62.163002
62.2483635
62.4408302
62.6723557
63.0166779
63.1828842
63.4799614
63.9716148
64.2971802
64.2592545
63.0089798
62.0082283
60.6524429
60.1003723
60.5905418
61.3996429
62.1764679
62.4443512
62.1108932
61.7227859
61.1909065
60.9789467
61.3962021
61.7239914
62.1123276
62.5619431
63.1283913
63.707592
64.1215744
64.3853378
64.7959595
65.6295319
66.282547
67.1633987
67.8270187
68.7993088
69.8575668
71.2754822
72.4349976
73.9409409
75.1384125
77.6731339
79.3436356
82.0640335
83.4287415
84.6312943
84.7394867
84.9328766
86.1741943
87.4202042
88.2463684
89.1575317
89.4445877
89.0939102
88.3292084
87.6904068
86.956459
87.1118774
86.2179871
82.1410446
80.0801315
78.0640869
78.1682053
79.5113907
78.9006729
78.9879456
78.2218781
78.3884964
77.713974
77.1396027
76.2927094
75.7547607
75.0628815
74.7621307
75.181221
75.873436
75.905777
76.1277237
76.1555252
76.0227432
75.9503326
75.8352737
75.7185669
75.7124023
75.7431946
75.8119202
75.4480057
75.1734619
75.6808243
75.8958511
75.2583313
75.0131149
75.658905
76.0069885
75.9958496
75.9180679
75.9418869
76.0564423
75.2077255
75.8661423
75.666008
75.7076492
75.8922119
75.8800278
75.7854843
75.8243256
75.7553253
75.6557083
75.8372269
75.2956467
77.3637085
77.3053589
76.6699219
74.7003784
75.7373505
76.0702057
75.1064606
74.7160873
74.7108002
75.0811234
76.290802
75.4066772
73.542778
74.0521927
74.6106491
75.8047333
75.8792725
75.8656921
75.7640457
75.7435684
75.6314545
75.5638733
75.701004
75.8060303
75.7574081
74.6425858
74.5605621
75.8115387
75.8029938
75.587326
75.4396896
75.7229691
76.0825882
75.9001846
75.3943024
75.687973
76.1946259
76.0008545
75.7924271
75.812294
75.8597794
76.0018082
75.9569244
76.5857544
75.777153
75.6626129
75.7472305
75.9430161
76.0202179
75.9931412
76.2567444
76.20681
76.1787567
76.1996613
75.9881058
75.8095016
76.0321655
75.9464264
75.2099152
73.5770569
72.3788147
72.3696136
74.0112228
75.7875137
NaN

