mustard_left_distanced from_2.txt
0
0
128.264847
127.56559
127.360489
127.606743
128.400177
128.670059
128.765823
128.364243
128.842819
129.250717
129.867661
130.585175
131.911133
132.565536
132.206863
131.634232
132.262451
132.532776
132.666611
132.200729
132.067169
132.449188
133.277054
133.6427
133.468414
132.598587
132.879852
133.055588
132.735214
131.72023
131.604996
131.212997
130.520187
129.693451
129.005035
127.518951
126.834389
125.992645
125.071259
123.499054
122.891319
121.853729
120.744438
118.634171
116.571922
114.411766
112.648445
110.221878
107.809731
104.945831
102.436897
99.547699
96.752327
93.0717545
90.7537537
89.7492599
86.478447
84.8888397
85.9682541
90.7111664
90.9603806
90.8098221
91.0584412
90.9082413
91.1562653
91.0064316
91.2538528
91.1043854
91.3511963
91.202095
91.4482956
91.2995605
91.5451584
91.3967972
91.6417618
91.4937897
91.738121
91.5905228
91.8342285
91.6870117
91.9300842
91.7832565
92.0256882
91.8792496
92.1210327
91.9749832
92.2161102
92.0704651
92.310936
92.1656876
92.4055023
92.2606506
92.499794
92.3553543
92.5938263
92.449791
92.6875839
92.5439529
92.7810745
92.6378632
92.8742905
92.7314911
92.9672394
92.8248596
93.0598984
92.9179459
93.1522827
93.0107651
93.2443924
93.103302
93.3362198
93.1955566
93.4277573
93.287529
93.5190125
93.3792191
93.6099777
93.4706268
93.7006531
93.5617523
93.7910385
93.6525803
93.881134
93.7431183
93.9709244
93.8333664
94.0604248
93.923317
94.1496201
94.0129776
94.2385101
94.1023331
94.3271027
94.1913834
94.41539
94.2801361
94.5033646
94.3685837
94.5910416
94.4567261
94.6783981
94.5445557
94.7654419
94.6320801
94.8521729
94.7192917
94.9385834
94.8061905
95.0246811
94.8927689
95.1104507
94.9790421
95.1959
95.0649872
95.2810287
95.1506042
95.3658295
95.2359009
0
0
63.3886909
63.4899483
63.0641327
62.9685936
63.3139076
62.9782372
61.9055634
61.5204239
62.4458122
63.1774216
62.2208176
62.2471809
63.6800117
64.0018845
63.1207962
63.0403519
63.903347
64.9015045
64.8611908
64.2809448
64.6601868
65.6998596
67.1145859
67.6657867
67.1246338
67.5308609
69.6601639
71.3436203
72.0090866
72.5442581
73.969101
74.826767
76.6757584
78.2170486
78.6229248
79.1053085
80.4412079
82.3484192
83.8711319
84.7516251
85.570343
87.0768433
89.676506
92.0175247
93.9890671
96.1823502
98.9341202
102.031174
104.697365
106.722412
109.477623
112.519173
115.670364
118.84404
121.448158
122.815956
126.425026
127.98642
127.6698
123.129471
123.3479
123.49501
123.709946
123.854622
124.065964
124.208183
124.415817
124.555496
124.759346
124.896416
125.09639
125.230782
125.426781
125.558441
125.750343
125.879211
126.066948
126.192963
126.376434
126.499504
126.678619
126.798691
126.973343
127.090355
127.260452
127.374344
127.53978
127.65049
127.811188
127.918655
128.074524
128.17865
128.329605
128.430359
128.576294
128.673615
128.814453
128.908264
129.043915
129.134201
129.264542
129.351196
129.476196
129.559204
129.678757
129.758041
129.872055
129.947571
130.056015
130.127701
130.230453
130.298264
130.395294
130.459183
130.5504
130.610321
130.695679
130.751587
130.830994
130.882858
130.956284
131.004074
131.071442
131.115097
131.176392
131.215897
131.271042
131.306381
131.355347
131.386475
131.429199
131.456131
131.492615
131.515274
131.545486
131.563873
131.587784
131.601898
131.619507
131.629288
131.640579
131.646072
131.651016
131.652206
131.650818
131.647705
131.639938
131.632538
131.618454
131.60675
131.586334
131.570343
131.54361
131.523361
131.490341
131.465805
131.426529
131.397751
NaN

mustard_left_distanced from_3.txt
0
0
0
0
0
0
0
0
0
0
0
0
0
0
0
0
0
0
0
0
0
0
0
0
0
0
0
0
0
0
0
0
0
0
0
0
0
0
0
0
0
0
0
0
0
0
0
0
0
0
0
0
0
0
0
0
0
0
0
0
0
0
0
0
0
0
0
0
0
0
0
0
0
0
0
0
0
0
0
0
0
0
0
0
0
0
0
0
0
0
0
0
0
0
0
0
0
0
0
0
0
0
0
0
0
0
0
0
0
0
0
0
0
0
0
0
0
0
0
0
0
0
0
0
0
0
0
0
0
0
0
0
0
0
0
0
0
0
0
0
0
0
0
0
0
0
0
0
0
0
0
0
0
0
0
0
0
0
0
0
0
0
0
0
0
0
0
0
0
0
0
0
0
0
0
0
0
0
0
0
0
0
0
0
0
0
0
0
0
0
0
0
0
0
0
0
0
0
0
0
0
0
0
0
0
0
0
0
0
0
0
0
0
0
0
0
0
0
0
0
NaN

mustard_left_distanced from_5.txt
0
0
0
0
0
0
0
0
0
0
0
0
0
0
0
0
0
0
0
0
0
0
0
0
0
0
0
0
0
0
0
0
0
0
0
0
0
0
0
0
0
0
0
0
0
0
0
0
0
0
0
0
0
0
0
0
0
0
0
0
0
0
0
0
0
0
0
0
0
0
0
0
0
0
0
0
0
0
0
0
0
0
0
0
0
0
0
0
0
0
0
0
0
0
0
0
0
0
0
0
0
0
0
0
0
0
0
0
0
0
0
0
0
0
0
0
0
0
0
0
0
0
0
0
0
0
0
0
0
0
0
0
0
0
0
0
NaN

mustard_left_very close to_1.txt
0
0
0
0
0
0
0
0
0
0
0
0
0
0
0
0
0
0
0
0
0
0
0
0
0
0
0
0
0
0
0
0
0
0
0
0
0
0
0
0
0
0
0
0
0
0
0
0
0
0
0
0
0
0
0
0
0
0
0
0
0
0
0
0
0
0
0
0
0
0
0
0
0
0
0
0
0
0
0
0
0
0
0
0
0
0
0
0
0
0
0
0
0
0
0
0
0
0
0
0
0
0
0
0
0
0
0
0
0
0
0
0
0
0
0
0
0
0
0
0
0
0
0
0
0
0
0
0
0
0
0
0
0
0
0
0
0
0
0
0
0
0
0
0
0
0
0
0
0
0
0
0
0
0
0
0
0
0
0
0
0
0
0
0
0
0
0
0
0
0
0
0
0
0
0
0
0
0
0
0
0
0
0
0
0
0
0
0
0
0
NaN

mustard_left_very close to_4.txt
0
0
45
44.9999924
45
45
45
45
44.9999886
44.9999924
45
45
45
45
45
45
45
45
45
45
45
44.9999924
45.0000038
45
45
44.9999924
45
45
45
44.9999924
45
45
45
45.0000038
45.0000038
45
44.9999924
45
44.9999924
45
45
45
45
45
45.0000038
45
45
45.0000038
45
45
45
44.9999924
44.9999924
45.0000038
45
45
45
44.9999924
45
45
45
45.0000038
45
45.0000038
45
45.0000038
45
45
45
45
45
45
45
45
45
45
45
45
45
45
45
45
45.0000038
45
45
44.9999886
45
45
45
44.9999924
45
45
45
45
45
45
45
45
44.9999924
45
45.0000038
44.9999924
44.9999924
45
45
45
45
45
44.9999924
45
44.9999886
44.9999886
45
45
45
45
45
45
45
45
44.9999924
45
45
44.9999924
45
44.9999924
44.9999886
45
45
45
45
44.9999924
45
45
45
45
45
45
44.9999924
45.0000038
45
45
45
45
45
45
45
45
45
44.9999924
45
45.0000038
45
45
45
45
45
45
45
45
45
45
45
45
44.9999924
44.9999924
45
45
45.0000038
44.9999886
45
45
45
45
45
NaN

mustard_left_very close to_5.txt
0
0
26.6757813
26.6757717
26.6757813
26.6757717
26.675766
26.6757813
26.6757717
26.6757813
26.6757813
26.675766
26.6757584
26.675766
26.6757813
26.6757717
26.675766
26.6757813
26.6757717
26.6757813
26.6757717
26.6757813
26.675766
26.6757717
26.6757717
26.675766
26.6757813
26.6757717
26.6757717
26.675766
26.6757717
26.6757717
26.6757717
26.6757717
26.6757717
26.6757717
26.6757813
26.6757813
26.6757813
26.6757717
26.6757717
26.6757717
26.6757813
26.6757717
26.675766
26.6757813
26.6757813
26.6757717
26.6757813
26.675766
26.6757717
26.6757584
26.6757717
26.6757813
26.6757717
26.6757717
26.6757717
26.6757813
26.6757717
26.6757717
26.675766
26.6757813
26.6757717
26.6757717
26.6757717
26.675766
26.6757717
26.6757717
26.675766
26.6757717
26.6757717
26.6757717
26.6757813
26.6757813
26.6757717
26.6757717
26.6757813
26.675766
26.6757717
26.6757813
26.675766
26.6757717
26.675766
26.6757813
26.675766
26.6757717
26.6757717
26.6757717
26.675766
26.675766
26.675766
26.6757717
26.6757813
26.6757717
26.6757813
26.6757813
26.6757813
26.6757813
26.6757813
26.6757813
26.675766
26.6757813
26.6757717
26.675766
26.6757813
26.6757717
26.6757717
26.6757717
26.6757717
26.6757717
26.6757717
26.6757813
26.6757813
26.6757813
26.675766
26.6757717
26.6757813
26.6757717
26.675787
26.6757717
26.6757717
26.6757717
26.6757717
26.6757717
26.6757717
26.6757717
26.6757717
26.6757717
26.675766
26.6757813
26.6757813
26.6757717
26.6757813
26.675766
26.6757717
26.6757813
26.6757717
26.6757813
26.675766
26.6757813
26.6757717
26.6757717
26.6757717
26.6757813
26.6757717
26.6757813
26.6757717
26.6757717
26.6757813
26.6757717
26.675766
26.675766
26.6757717
26.6757717
26.6757717
26.6757717
26.675787
26.6757717
26.6757717
26.6757813
26.6757717
26.6757717
26.6757813
26.675766
26.6757813
26.675766
26.6757717
26.6757813
26.6757813
26.6757717
26.6757717
26.6757717
26.6757717
26.675766
26.675766
26.6757717
26.6757813
26.675787
26.675787
26.6757813
26.6757813
26.6757717
26.6757813
26.675766
26.6757717
26.6757717
26.675766
26.6757813
26.675766
26.6757813
26.6757813
26.675766
26.675766
26.6757717
26.6757717
26.675766
26.6757813
26.6757813
26.6757717
26.675766
26.6757813
26.6757813
26.6757717
26.6757813
26.6757717
NaN

mustard_left_very close to_6.txt
0
0
0
0
0
0
0
0
0
0
0
0
0
0
0
0
0
0
0
0
0
0
0
0
0
0
0
0
0
0
0
0
0
0
0
0
0
0
0
0
0
0
0
0
0
0
0
0
0
0
0
0
0
0
0
0
0
0
0
0
0
0
0
0
0
0
0
0
0
0
0
0
0
0
0
0
0
0
0
0
0
0
0
0
0
0
0
0
0
0
0
0
0
0
0
0
0
0
0
0
0
0
0
0
0
0
0
0
0
0
0
0
0
0
0
0
0
0
0
0
0
0
0
0
0
0
0
0
0
0
0
0
0
0
0
0
0
0
0
0
0
0
0
0
0
0
0
0
0
0
0
0
0
0
0
0
0
0
0
0
NaN

mustard_right_distanced from_4.txt
0
0
0
0
0
0
0
0
0
0
0
0
0
0
0
0
0
0
0
0
0
0
0
0
0
0
0
0
0
0
0
0
0
0
0
0
0
0
0
0
0
0
0
0
0
0
0
0
0
0
0
0
0
0
0
0
0
0
0
0
0
0
0
0
0
0
0
0
0
0
0
0
0
0
0
0
0
0
0
0
0
0
0
0
0
0
0
0
0
0
0
0
0
0
0
0
0
0
0
0
0
0
0
0
0
0
0
0
0
0
0
0
0
0
0
0
0
0
0
0
0
0
0
0
0
0
0
0
0
0
0
0
0
0
0
0
0
0
0
0
0
0
0
0
0
0
0
0
0
0
0
0
0
0
0
0
0
0
0
0
NaN

mustard_right_distanced from_5.txt
0
0
0
0
0
0
0
0
0
0
0
0
0
0
0
0
0
0
0
0
0
0
0
0
0
0
0
0
0
0
0
0
0
0
0
0
0
0
0
0
0
0
0
0
0
0
0
0
0
0
0
0
0
0
0
0
0
0
0
0
0
0
0
0
0
0
0
0
0
0
0
0
0
0
0
0
0
0
0
0
0
0
0
0
0
0
0
0
0
0
0
0
0
0
0
0
0
0
0
0
0
0
0
0
0
0
0
0
0
0
0
0
0
0
0
0
0
0
0
0
0
0
0
0
0
0
0
0
0
0
0
0
0
0
0
0
0
0
0
0
0
0
0
0
0
0
0
0
0
0
0
0
0
0
0
0
0
0
0
0
NaN

mustard_right_very close to_4.txt
0
0
0
0
0
0
0
0
0
0
0
0
0
0
0
0
0
0
0
0
0
0
0
0
0
0
0
0
0
0
0
0
0
0
0
0
0
0
0
0
0
0
0
0
0
0
0
0
0
0
0
0
0
0
0
0
0
0
0
0
0
0
0
0
0
0
0
0
0
0
0
0
0
0
0
0
0
0
0
0
0
0
0
0
0
0
0
0
0
0
0
0
0
0
0
0
0
0
0
0
0
0
0
0
0
0
0
0
0
0
0
0
0
0
0
0
0
0
0
0
0
0
0
0
0
0
0
0
0
0
0
0
0
0
0
0
0
0
0
0
0
0
0
0
0
0
0
0
0
0
0
0
0
0
0
0
0
0
0
0
0
0
0
0
0
0
0
0
0
0
0
0
0
0
0
0
0
0
0
0
0
0
0
0
0
0
0
0
0
0
NaN

