powerdrill_left_distanced from_4.txt
155.409149
154.418991
108.766457
108.57666
108.417755
108.340942
108.353714
108.726807
108.921028
108.765228
108.670204
108.657417
108.759361
108.778954
108.518661
108.304916
108.279594
108.297791
108.389137
108.564552
108.621666
108.544846
108.683762
108.958679
108.939049
108.968521
108.898911
108.958313
109.157433
109.158577
108.939125
107.958389
107.384354
107.985931
108.529488
108.719955
109.358261
109.507698
108.931923
108.572853
108.076157
107.813797
106.509598
106.261108
107.92907
107.772873
106.808968
107.12532
107.921738
107.604721
108.499443
111.744057
117.052094
118.069626
118.821075
117.812325
112.354202
107.97438
106.579369
107.720459
105.826729
105.450378
106.882584
107.45137
107.476547
107.075897
107.13739
108.35173
110.455627
111.078255
108.948952
106.306328
106.021141
106.821518
107.233124
106.392807
105.96006
106.866341
108.685143
111.896545
111.805374
110.318733
110.273285
109.207886
108.634239
108.372742
108.413383
109.739159
111.371948
112.508194
112.638718
109.614342
109.304474
113.253494
114.680733
114.671936
114.740021
113.319626
111.981339
111.3909
108.939522
106.761269
106.546822
108.155495
108.871185
107.642372
106.285706
107.978065
109.871582
109.52269
109.133232
108.758293
107.929878
107.222076
107.686249
108.346375
106.916893
104.462708
98.9642029
92.3830719
85.2939377
88.4393997
100.563278
106.588997
105.431175
102.384125
104.165253
107.964081
113.173233
116.995308
121.75441
117.586998
106.706528
105.757423
109.886185
115.793808
115.165649
112.095024
114.970528
117.381187
113.539223
107.474281
106.100441
104.400009
104.662216
106.139778
106.108711
105.776192
106.305992
106.17765
105.943916
108.282562
108.25975
104.058578
103.603386
107.870346
110.380074
111.412804
112.413307
117.43837
NaN

powerdrill_left_distanced from_5.txt
152.246613
152.300766
62.482933
62.2980003
62.0655746
62.0962334
61.8686752
62.1520729
62.1504402
62.0963516
62.3583832
61.8509369
61.4269981
61.4311676
60.8725243
60.9229927
62.0548439
61.8941422
61.2297592
61.7305603
60.8355789
59.7678795
60.4853745
60.808506
60.6429214
62.4527931
65.351265
64.5431824
62.471508
62.2347641
62.7255554
63.22575
63.5895195
63.0658417
62.0732994
61.697113
61.1391335
60.6930618
60.6068459
60.0107193
60.0180016
61.229866
61.8166008
62.0442924
62.1602287
61.4431801
61.1975746
62.1815453
62.5015106
61.4473686
60.9011421
61.3767014
61.656002
60.8178749
61.3665047
62.8576431
62.2493324
63.1959152
63.9952888
63.4633522
63.662159
62.7703056
62.6248779
63.5647202
63.8803368
64.1037521
62.5860901
60.5099983
59.8059654
58.5035896
60.206459
63.1937447
63.0622139
63.7555122
63.5457535
61.5270271
62.3150063
63.0449219
60.8330879
61.3914413
62.4141388
62.0971107
65.3446426
66.6590347
64.6023712
64.684082
66.5972137
66.0829697
68.1578293
68.9091263
69.7786636
73.0111313
74.7731247
69.4332886
60.9719467
58.902092
57.9689903
56.4242554
51.253334
49.7598495
55.8285332
59.6993637
57.5845757
57.7439651
61.2081261
61.5392952
59.3322144
58.9781303
60.2407379
59.5275803
58.7714348
60.3393135
62.1597557
62.830883
64.4057388
65.0296402
63.4038963
62.3266525
62.5710144
62.3535767
61.5975304
61.4573479
62.0948753
62.7577477
62.6194077
62.2491837
62.8139648
62.7199745
61.3845291
60.4389801
61.0777168
62.1133232
62.4184914
63.9210243
64.6485138
63.6422882
63.9493217
64.9604568
64.1340408
63.0528984
65.3555145
69.6041336
68.0736618
67.2455826
71.7524185
74.9293518
75.3024139
69.5275116
65.1053009
64.6547089
61.0865402
51.9635963
45.6403427
49.6462059
55.1529846
55.7189713
56.9558487
59.258709
59.8690186
60.8557281
NaN

powerdrill_left_very close to_5.txt
154.101181
152.452194
119.174301
120.672493
120.480591
119.266769
117.465118
116.785851
116.652779
117.038582
116.984268
116.720367
116.334785
115.656509
115.704865
116.147575
115.917206
115.790627
115.901672
116.279755
116.734848
116.751717
116.338982
116.599556
116.739166
116.494286
116.559761
116.18428
115.111717
115.055206
115.219475
114.688835
115.150925
115.949074
116.245461
116.865875
117.240524
117.150986
117.102463
117.205063
116.965897
116.417526
116.276283
116.220177
115.977966
115.767853
115.700577
115.501831
115.326164
115.611946
116.357285
118.258224
118.879227
117.174667
116.222557
116.433762
116.424347
115.93737
115.607002
115.488991
116.157013
116.351372
114.896255
114.016441
115.233284
116.58947
116.940651
116.78009
116.333313
116.179497
115.993156
115.621674
115.540466
115.721275
115.737175
115.531548
115.475029
115.744209
116.148857
116.347031
116.108192
115.95713
117.000038
117.652649
116.527779
115.754715
116.673988
117.130997
116.283012
115.991753
116.181358
116.351341
116.573883
116.378952
116.044067
115.884941
115.842377
116.210274
116.714218
116.613449
116.675682
116.79673
116.505791
116.500885
116.354607
116.049561
116.367767
116.649055
115.487831
114.335495
112.098473
109.726135
112.217628
117.397758
119.056274
117.025078
115.340462
115.710823
116.314186
116.710968
116.636536
116.219498
116.012878
116.217964
116.325462
116.552437
115.727295
114.173325
115.709801
119.697128
122.493286
126.239517
127.326927
125.21125
124.155739
124.519188
124.85321
123.936691
121.005135
117.830315
117.955444
117.518211
117.078415
116.512085
115.901184
117.689598
118.350403
118.1362
118.230957
116.701103
114.623077
111.239677
107.310631
104.142929
105.392868
108.763214
113.668335
118.885101
120.875114
119.280296
NaN

powerdrill_left_very close to_6.txt
131.641113
131.449722
69.482132
68.7828369
68.00634
68.1228561
69.2903976
70.2681427
71.1152191
71.5452499
70.6269913
69.4740143
69.1768265
69.2709427
69.0278015
68.1705399
67.9967346
68.5863113
68.8010788
68.0195389
67.1032104
67.3645782
68.8404999
70.5114975
71.1821976
72.3100815
73.087265
73.7237854
73.5999146
73.0345535
72.3938065
71.0218277
69.4697571
66.2917023
65.1766663
66.2877808
68.201622
70.6431656
71.1661911
70.4664688
70.3284836
70.2891388
70.1580811
69.6106186
68.7517014
68.7272186
68.0787811
67.407753
67.5756989
68.0290604
68.4551544
68.7284164
69.2392426
69.5215149
70.1382675
70.5146027
70.6133041
70.4400253
69.3745804
68.4634094
67.8747864
67.7077789
67.3236237
67.103775
66.6623154
65.4775391
68.7049408
73.5216675
73.1346817
72.2035141
71.9564438
71.1046143
70.6677322
69.9937515
69.4339981
68.3057327
67.8942108
68.105072
68.4404373
68.8913651
68.9198303
69.1085892
69.5922623
70.5641861
71.3931351
72.4732971
72.4158249
71.6939011
71.624176
71.0678101
70.0793304
69.3038101
68.9452209
68.0258255
67.6330795
67.1225891
68.0489883
72.2702332
74.5230331
74.4259567
72.052803
67.356514
64.1562424
63.7182465
63.3576546
62.8752441
63.5792961
65.1152573
66.8984604
67.8965988
69.3720627
72.1591339
74.5640564
73.0682068
70.8983994
70.449173
71.178299
71.4955521
70.2832718
69.3683243
69.5532684
69.7053375
67.6623993
65.6621399
64.8566284
65.6477737
68.0564804
70.7967148
73.8379135
74.0219269
71.7798386
70.0912781
68.9261475
68.9703598
70.1703949
70.6451492
70.0361862
69.4493637
69.3999481
70.2616272
72.1639099
71.8221817
68.7210846
67.8887787
68.6365891
NaN

powerdrill_right_distanced from_1.txt
162.516205
162.541306
89.9685745
89.7115631
92.4934769
90.1094437
89.5291901
94.1600876
113.678307
75.0481491
114.84108
64.3320007
117.627525
122.029732
112.634995
61.4990311
111.764328
82.4464264
123.70414
96.9031754
129.305603
119.283615
59.3623352
65.5926895
90.1695175
93.5587082
136.126984
100.027298
135.501297
116.447784
59.0562286
97.8895111
104.165382
45.9781876
61.2389374
138.881332
149.621689
59.6321831
71.5007324
46.8376045
116.993904
160.483215
23.5460682
55.5483322
143.216919
155.32338
86.5747833
131.788162
105.250702
77.0366135
136.261429
157.110306
91.4761963
25.608757
142.985794
77.9845581
23.7545567
50.620739
100.948418
108.880348
33.658886
159.167496
16.5471401
138.52301
23.4294224
96.1314316
153.262924
30.9826508
140.515991
107.100952
92.4336319
102.791405
163.032211
25.2594166
117.04599
64.0552826
68.5100708
39.619194
124.687798
85.5055237
110.891266
44.9052925
19.2467098
151.12355
114.591789
40.8344917
161.667099
86.5026245
138.999664
40.5147133
94.0709152
111.938881
54.1375351
152.88945
56.1266022
99.8327484
131.702881
45.2289543
16.7665424
162.949432
147.884491
63.6223602
107.967468
87.4489899
51.3159599
31.551281
16.994585
103.900681
26.1618443
149.406952
162.58754
109.758652
70.2957306
116.963943
148.901062
16.1800175
97.5769806
89.3703308
158.960846
120.86837
151.881149
161.172012
36.525898
158.741089
90.5056839
156.85965
77.6316071
162.61087
49.1024742
64.5823898
17.6934547
119.745155
45.4210129
74.2317657
81.9762192
49.441185
148.450058
55.3628807
38.2274399
133.278763
94.4592896
101.143433
49.7304688
35.7835655
76.4037476
159.58754
159.255707
55.2882919
55.3596382
76.3842773
53.6319351
82.569252
70.5370407
85.4190674
83.8423615
82.4091873
59.6930809
58.8091049
85.1935959
86.8162537
83.7403641
92.2300415
89.517662
37.7538185
77.386734
97.3228378
83.0882034
36.0831261
46.547451
96.4681168
65.6720963
58.0934029
32.4377518
57.2232246
114.178101
113.653946
13.570612
100.767876
10.2218714
113.370186
104.55307
6.86904144
70.7172012
96.8734665
124.080742
20.5326977
122.821121
17.0445805
50.9391785
60.9340363
52.9936371
17.4950867
135.111084
113.038193
99.1036987
108.094116
113.562828
136.161835
136.686737
74.261795
82.9913788
139.083221
138.214355
92.6569138
27.6107883
42.1733017
79.650444
67.9445724
128.408386
8.81356239
71.836525
36.8249245
121.852806
16.3814316
105.881943
136.513306
52.2932816
118.288414
138.547318
73.4230804
85.5279846
40.8046303
14.3043308
14.5734062
49.0041199
54.6376266
9.64159298
136.246918
51.2056732
30.3349953
60.4208908
109.654327
138.276138
103.317406
33.3922691
8.38981628
29.9723282
61.1015625
32.9449844
127.771561
134.769012
141.676941
112.770218
63.7609901
65.3869781
141.276077
134.635086
125.387634
24.3858318
41.7445831
16.4183979
109.464539
125.345642
83.6996307
53.7473717
96.0493546
35.5054207
47.0031586
19.943779
71.3010864
11.34196
133.932846
86.6919632
50.3611794
48.7896004
103.669685
31.2660866
19.034914
93.6363754
98.2058334
121.298584
8.52329826
136.385223
67.845787
117.057861
123.893173
103.817986
92.0641861
36.244091
41.8541603
132.892563
144.893936
90.8776321
34.4842186
32.8687897
108.797737
104.987061
110.155342
115.708641
141.033905
NaN

powerdrill_right_distanced from_4.txt
146.852081
146.493851
91.9475708
92.3240662
92.4649048
93.3318176
93.0993347
92.7688217
92.4125443
91.7874451
90.8619614
89.2810745
88.9840851
89.3059845
89.4523239
89.8196716
90.1174164
90.3065109
90.6352844
90.5709686
89.7660751
89.7201996
90.3329544
88.9670181
87.067627
86.6450729
87.3491745
88.2622528
89.5904236
88.7953415
86.6846771
88.0798569
89.5346222
85.2019119
85.4178238
95.7401962
100.11721
97.5465851
93.4557037
91.0183334
92.3838196
93.4139709
90.8538284
88.7555466
89.1105499
87.6792526
88.5053864
87.502182
87.7130737
91.6415024
86.9977341
83.3602295
85.7671356
87.1385269
85.5115509
85.025383
88.2070694
88.8310471
88.8798447
89.8686905
92.217804
93.6545563
91.6131744
90.4313812
91.1418915
90.3487396
90.4916306
90.9678802
91.0624313
90.7255859
89.5941086
90.9720078
90.8499908
90.7682571
91.3051224
90.126152
91.3119736
94.1930618
93.2950592
90.0161285
90.2706604
90.4954605
90.2608566
92.9700165
91.2006302
90.0278549
93.0746994
89.5095215
86.8058624
92.2196274
90.9094009
84.5617523
88.1515045
90.2701874
88.9868774
90.5304794
89.1693878
89.1143875
86.6767654
82.8359222
84.4868469
86.1026154
87.6682968
90.5990143
89.1574554
90.3659592
100.916626
102.509216
93.9647064
93.2151489
98.6415176
100.536133
99.5643997
96.8204269
95.033577
95.4164505
97.1667786
96.8231354
92.6773911
90.0002365
87.0900192
85.7565002
84.6565857
85.3051605
90.1875229
94.1597443
95.6377411
94.1992722
93.4345016
94.3838043
92.1719208
88.0743713
86.4955444
87.2026215
87.1778717
84.4691772
84.0562973
89.4336929
93.9468918
95.7346497
94.6469421
92.4241028
90.7736969
86.9915619
83.5618591
NaN

powerdrill_right_very close to_4.txt
157.653336
157.669769
89.6134644
89.4728775
89.6249695
89.870636
89.951683
90.0073853
90.1125107
90.153656
90.0968857
90.080925
89.9768677
89.7668991
89.8311234
90.0987091
90.0838394
89.9846802
89.1901398
89.3610153
90.3446579
90.3372269
90.3952866
89.7818604
89.3898621
89.4723816
89.3237991
89.2281036
89.2294388
89.319931
89.7629013
89.9215775
89.884552
90.6739349
90.9622574
91.1363907
91.1147995
90.5722351
90.252243
89.8996201
89.5767975
89.2734375
89.2647781
90.1655045
90.3103638
89.5400085
89.9392471
90.6446991
90.4309464
90.0328369
89.9650421
90.2265854
89.8649292
89.2987442
89.2192993
89.2077255
89.7025223
89.8068695
89.9339523
90.3633347
90.6607132
90.7920761
90.926239
90.9226837
90.7358627
90.3230133
89.8311615
89.6860046
89.2710037
89.2758865
89.3044815
89.2494354
89.7627029
89.8778763
89.8312607
90.0941467
90.5378723
90.7332764
90.8677902
90.8482666
90.4141846
90.1463623
89.8363953
89.5674057
88.9497757
89.0353928
89.7195663
89.8752747
90.3249664
90.6180573
90.6960678
90.8869476
90.4849167
90.0706558
90.2731934
89.8755417
89.2642822
89.9568253
90.0593567
89.301384
90.0187683
90.5833893
90.4510193
90.8998413
91.224762
91.4784088
92.2368622
92.3081741
91.3489227
93.6322174
94.9910278
92.2368774
89.9979553
88.8726349
88.9376755
89.3383636
89.5173035
90.1989594
90.7157059
90.1995392
88.948349
85.5217743
86.4312057
89.6553802
88.6440048
88.2713242
88.7773972
88.7737122
88.8391037
89.3451691
89.1250381
89.4570847
90.4896927
89.7974167
89.6309586
90.2196121
90.0737381
90.2807007
89.9948273
89.3178253
88.776413
88.8782806
89.2759552
89.2306137
89.5824432
90.1046753
90.8389587
91.0394516
90.8388977
90.8218765
90.6061172
90.3741531
90.09198
89.8783875
NaN

