skillet_left_distanced from_1.txt
24.5569916
24.4853611
56.0191689
56.1561089
55.8379097
55.6560364
55.8431168
56.0068626
55.9165001
55.7521782
55.8332596
55.7481842
56.2519379
56.167511
55.8594131
55.7961197
55.9593849
55.9498863
55.6592369
55.4200592
55.2509422
55.4478874
55.8948936
56.0611343
56.0073738
55.933033
56.1680336
56.6226578
56.780983
56.7987099
56.8273811
56.79142
57.3681717
58.2750664
58.3345909
58.4071732
58.8166389
59.0593338
59.0468712
58.425869
58.3233604
59.3796654
60.3516884
60.7469254
60.5652084
60.4170265
61.4036827
63.2043114
62.9783211
62.2781982
63.5838356
64.3320313
62.9811325
61.43853
62.7817001
64.2986145
65.4341965
67.5776443
66.501709
64.7962646
66.7240677
69.1095886
67.5276871
67.0531464
70.0477448
70.6311493
67.6400299
64.4953461
64.0522614
65.8163528
68.1579285
66.4645844
62.4665947
63.399498
66.0234451
67.1067581
68.306427
68.8137436
67.8359604
66.3316803
65.1380005
66.5914688
68.6647034
68.3559036
66.3996506
65.8088074
66.7685089
67.7170029
68.2342529
67.3747101
65.7522202
66.2737656
67.7041245
67.6336975
66.6933136
66.3789749
66.9785995
67.5789185
67.165329
66.1493759
65.9505157
66.5450134
67.1615601
67.0885544
66.3569107
66.5670319
67.7760086
68.5192261
67.8047028
65.5610886
65.1395111
66.807869
67.8337479
67.2944717
65.7510834
64.8019791
66.1731796
68.3099594
68.1939087
66.0805283
65.2834702
65.8150024
66.0352631
66.3989792
67.5447311
68.6267624
67.4316177
64.9298248
65.8300552
67.8881607
67.711731
66.4764252
66.0706711
67.0765152
67.9574127
67.7119675
66.940918
66.8994751
67.5869675
67.4541321
66.6018524
67.001503
66.8325577
66.2614975
66.7200623
66.5802536
65.9721909
66.5244446
67.4232254
67.1984024
66.4943161
66.62397
67.630043
68.0749359
66.6821442
65.3487396
66.2364883
67.7382278
68.2888641
66.4218674
64.516449
66.1516113
67.7656937
67.8939362
68.4734192
68.5271378
67.0898056
65.131485
65.5922699
67.9888992
18.8073845
18.6397018
55.3937759
55.2909698
55.9057426
56.3962631
56.2499466
55.8457603
55.6008835
55.7968559
55.8429337
55.2709656
54.867466
55.3143692
55.8572731
55.7766724
55.840313
56.2277832
56.1586227
55.7007599
55.3866081
55.6330566
56.1475677
56.2351875
56.0006104
56.0800171
56.4123459
56.8277702
57.1676826
57.0585938
57.0132675
57.2838745
57.6322021
57.841835
58.0743256
57.9729919
58.3327446
59.0851936
59.2360268
59.4851074
60.0368767
60.2826958
59.9569511
60.0797501
60.7659531
61.3700294
61.6517868
60.6117134
60.4932327
62.7907715
64.170929
62.7351303
61.6861839
62.9404526
65.4597931
67.3269958
66.3438263
66.737381
69.9886398
70.1389084
66.0680084
63.0002251
65.6626968
67.3859787
64.9259872
63.113884
66.0094757
70.7222137
69.9449387
65.7138672
64.6384506
67.8606796
69.6989822
67.3924332
63.7689552
64.7447815
67.3073044
67.6884232
66.6759949
66.1566467
66.8936005
67.1365509
66.2334366
65.6604156
67.0162048
68.2136841
68.0762329
66.3093948
64.7099686
65.9619141
67.8738632
67.4509888
64.462532
63.7744522
67.0883484
68.95121
68.5373764
66.8385391
67.5871201
69.5663834
68.7053833
65.7638397
64.8281555
66.2093964
65.6866684
64.0812149
66.5941849
69.5067139
69.2577896
67.5238647
65.2907181
66.6318741
69.2604523
68.4614792
65.5914612
64.7096329
66.2679672
68.1793213
67.5187149
63.7348518
63.3092575
66.3633728
67.4447708
67.347435
66.5806961
65.599884
66.1109085
68.8927307
69.6843338
67.6901855
65.9284744
67.2030258
68.8586044
68.8664093
67.5545273
64.3268661
64.5172272
67.7347717
67.7948151
65.1387711
63.4808502
65.6620636
68.4506836
68.9230347
67.6621933
68.0241852
68.5898438
66.6640701
63.1510887
64.7712173
67.4427567
66.1749039
64.1819916
65.2172318
68.5147629
69.2825089
67.4262619
66.2189941
67.5776443
69.1520157
68.725441
66.9944687
65.0624466
65.8001328
67.4855423
67.4402313
66.2811432
66.276535
67.1681061
66.9361267
65.9428101
66.1284256
68.0007095
68.6342545
67.3436203
13.9586201
13.871892
71.6730423
71.8712463
71.866539
71.7812881
71.7428894
71.6500168
71.6677628
71.7608948
71.968399
72.4439697
72.7199326
72.7875366
72.7115097
72.2969894
71.9143372
71.2934723
71.3123627
71.7771149
72.2850723
73.0534439
74.0886459
74.6290436
74.6086731
74.690918
74.6390381
74.4918213
73.9943237
74.349411
75.1640396
75.5064468
75.6075439
75.939949
76.1856689
76.6077728
77.3918152
78.1892395
79.1023483
79.7039337
80.1342087
80.6131897
81.0858307
81.5209885
81.8057251
82.2265167
83.225563
84.1515961
84.5654831
84.9054031
85.5618515
85.9691925
86.7042465
87.6031265
88.5287476
88.3752518
87.0455475
86.0513611
85.4568405
84.7649078
84.1445541
83.7863312
83.1172256
82.8588715
83.0899658
82.8135834
81.519371
79.5547867
79.4474869
79.0278244
80.3206406
81.1950836
80.0458908
78.7949829
78.2158813
79.3086929
81.632782
83.89888
84.9713364
84.5668182
85.0301895
83.7537766
82.2980804
78.2738876
72.2370911
68.8047256
71.7551575
79.1154556
83.3562698
81.8836899
80.9043121
81.8328934
83.06604
83.5968475
83.3928986
83.1298676
83.4085617
83.2259827
82.2147446
82.6473541
83.4133377
83.4680099
83.1802368
83.3578568
84.7767715
86.7336121
86.3043976
86.2333832
85.1074982
84.0691833
83.4810638
83.2342987
83.9961243
85.514595
86.1234512
84.9227448
83.2244797
83.0655136
82.9968719
83.1442795
83.2183838
83.4310684
83.5813751
83.8777466
84.1556931
83.2821426
82.7363815
82.6946259
82.4626846
83.0174026
82.8086853
81.881813
81.3417053
81.3061295
81.7993469
81.2026291
81.1088028
80.9078979
81.1657562
82.5372772
83.4487305
84.3309021
84.3815613
83.5725708
83.7963486
83.8681946
83.9960861
83.8219986
83.6758423
83.6796494
83.6796951
84.5392303
84.4435806
79.2891846
77.4930496
79.1692352
79.816658
81.9683456
82.9932709
83.4381638
83.3736038
83.2051239
83.6909866
83.8609543
83.6246872
83.5963821
83.5566177
83.1590805
83.3449707
83.4124451
83.2529068
83.5869064
83.9672623
84.1022339
83.9181442
NaN

skillet_left_distanced from_2.txt
8.22227955
7.65566778
56.0267525
55.9482231
55.9423065
55.3973846
54.913002
54.5369301
54.505928
54.7939758
54.754837
54.8241272
54.6694336
54.6413269
54.6266899
54.5702019
54.6136742
54.6730347
54.7795296
54.822773
54.754673
54.7276535
54.6929817
54.487793
54.2229118
54.2415237
54.3681068
54.4177704
54.8430481
55.3108864
55.9706764
56.303093
56.5437927
56.7022896
56.892765
57.048027
57.3181076
57.8976479
58.6455765
58.6312675
58.3488808
58.5828934
58.8171997
58.6598778
58.8194923
58.9882126
59.0805893
59.0124245
59.0316238
59.3692703
59.3386688
58.969593
59.1537437
59.4229813
59.1625175
58.7776909
58.7075119
58.1091537
57.6659279
56.8644447
56.4060287
56.1792107
56.2549019
55.9234772
55.9107475
57.1412506
57.9666557
58.2716217
58.1757202
57.7090836
57.1447868
56.3505096
56.3205948
55.3631134
54.6079865
54.8149719
54.6536598
54.5306892
55.5737
57.2239685
57.0624542
57.7561073
61.3164177
62.6065598
60.0222626
59.2176781
63.8753357
66.6014404
64.2337341
60.0784187
59.6522903
62.9370461
69.0113525
68.3162537
62.5545082
61.674881
65.0847626
66.0485153
64.1146851
63.3418083
62.4474106
61.3104286
60.6471901
60.0353012
58.6677895
58.5521049
57.6410408
56.3746262
56.4979362
56.6052475
55.6194649
54.7851791
53.1679878
52.4299545
52.2270317
52.0507965
52.4434128
52.8613434
52.6885414
53.4879494
53.3885231
52.8045807
53.7153511
55.304184
54.6634941
54.7511902
56.8501358
58.5201683
59.4926071
62.3775711
61.9542847
60.6934776
62.8800812
63.6858597
62.2529182
63.8943787
66.3216934
68.7995377
67.8206787
66.1349487
66.3539047
67.4512711
67.8687286
66.0938721
65.1873245
65.0625916
64.4551468
64.5455246
64.3586731
64.524498
65.5749283
65.5897141
65.3947372
65.7058029
65.9777679
65.4207611
65.2449188
65.9903488
66.0237427
65.6588745
65.766037
66.4245224
67.0292969
66.6839905
67.0340042
67.5501022
67.4472961
67.7360916
67.7654877
67.7096786
67.5503311
67.2071381
67.546051
67.4363022
67.3416138
67.3416748
66.5161896
66.6568298
67.3040314
67.2074432
67.4777679
68.166481
68.1586151
68.2867126
68.773407
67.9318314
67.8803253
68.5728989
67.2236557
66.999382
13.764328
13.9373798
71.3157806
71.6584244
72.0571136
72.5019531
72.8669586
72.9662247
73.1475601
73.4240341
73.6627655
73.8591385
74.1349869
74.3659134
74.5840836
74.8878784
75.1323624
75.3889389
75.7734604
76.1590805
76.5968094
76.9036942
77.1995621
77.6290436
78.0996552
78.5791931
79.1019592
79.530098
80.0460815
80.5217133
80.9123993
81.2839737
81.6212845
81.8730698
82.0923843
82.4149551
82.8195724
83.1279831
83.5164795
83.9583206
84.5009384
85.2632141
86.1312714
86.819191
87.4573517
87.7247391
87.8404922
88.012413
88.6844025
88.6625977
87.7774734
87.3162537
87.2328415
87.080101
86.8645325
86.5920563
86.4046555
86.1587753
86.0272293
85.8234024
85.4920044
85.1452255
84.8236084
84.6012039
84.2453156
83.823555
83.5296478
83.3377075
82.9144516
82.6282578
82.3277969
82.1720886
81.6885147
81.3310394
80.7718506
80.3873672
80.0309143
79.6161194
79.0432587
78.5612717
78.1324615
77.4829407
76.5577774
76.0731506
75.8937836
75.3063354
74.6038895
74.3846664
74.1302643
73.4411774
73.2788544
72.7887344
72.2584305
71.472435
71.4385452
72.24543
73.2580719
73.7357407
74.1612091
74.4884186
74.2585144
74.0336227
74.2771606
74.3566132
74.2957077
74.4453278
75.0287552
75.0600128
75.1138687
75.1616898
75.4529266
75.466713
75.3371124
75.2285919
75.3251266
75.2707748
75.309906
75.1882172
75.0423584
74.9888
74.8704758
74.6715317
74.4932175
74.4488602
74.514946
74.4471512
74.1615219
73.9472046
73.7900696
73.6253357
73.407074
73.0310364
72.8879547
72.8529892
72.5553741
72.5221786
72.6745911
72.7001343
72.6330566
72.9051743
73.8309326
73.9300232
73.9192581
73.9109268
74.105217
74.7567902
75.0465164
75.6774139
75.7758331
75.8797226
75.9665527
75.7668762
75.8768845
75.7326431
75.763443
75.7212143
75.6389999
75.605957
75.5725861
75.6474152
75.5330353
75.5336227
75.5365143
75.694809
75.8608246
75.7778854
75.7476425
75.6217117
75.6467285
75.6730194
75.6441422
75.4070663
75.3178024
75.1340408
75.1270142
75.1904068
75.0285873
74.932373
74.7647934
74.5981064
74.6116333
74.6684723
75.1047668
75.322258
75.4772797
75.5210114
75.6131668
75.6573639
75.7505646
75.8123474
NaN

skillet_left_distanced from_3.txt
78.1979446
78.3683853
60.7111549
60.6754799
60.6128197
60.5441093
60.5451965
60.4895706
60.605854
60.4798317
60.3230286
60.3237534
60.0966682
59.9051857
59.35952
59.041214
58.1320419
57.805191
57.6032906
57.1598816
56.7174454
56.3044205
56.149704
55.7069321
55.1081429
54.5940819
54.5195389
54.3234787
53.889019
54.0409126
54.2756844
54.6982994
54.7139359
55.2103844
55.5946732
55.7253189
55.7602959
56.1484337
56.1378174
56.3593292
56.9238853
57.8986816
58.1894302
58.8039322
59.5584297
60.2798347
60.5916061
61.4379158
61.9992065
62.1079063
62.0030174
61.8896828
62.0971298
62.0850754
61.651268
61.2310143
61.1403999
60.7055054
60.3707848
60.2377052
59.7170258
59.3403893
59.1043663
58.6884766
57.429863
57.0286026
56.451088
56.0334435
56.4538002
56.6176262
57.3662949
58.6022911
59.4679298
60.1026344
60.8687477
61.8475075
62.3836136
63.0472221
63.7887917
64.015419
64.4576569
64.94384
64.7380219
64.5771713
64.9503174
65.2421646
65.3001785
64.7865295
63.8272438
63.4895325
62.6402588
61.5610695
60.4693985
60.074501
58.207653
56.3547935
55.1908569
54.7293854
52.662262
50.5881958
49.5327759
48.614193
46.8865585
44.637104
45.339016
48.2988243
49.1859779
49.9341125
49.8012276
49.563221
49.2363243
48.4712563
48.2320137
47.8092194
47.5423164
46.1961021
45.1799126
46.1596642
48.0013771
53.8873672
55.7803802
57.7450218
57.7542305
57.5497742
57.0344124
56.0715866
55.4473267
54.8200684
54.6494217
54.2756958
54.4072952
54.4851532
54.7734985
55.2190361
55.6485405
56.5100212
57.0036392
57.5293732
57.4863281
57.0365219
57.0361481
56.6673164
56.3982544
56.1472511
55.9353447
55.6093292
54.7007141
54.0230179
53.1152344
52.190239
51.1820526
50.761795
51.2133484
51.7416115
52.8147697
53.837368
55.605545
57.5899086
60.8747711
62.1200676
62.780983
63.0344315
62.9047165
63.0931702
63.5968895
63.2687874
62.4493904
62.0155106
61.6784668
61.6680641
61.6516914
61.6530876
61.3894005
61.648098
61.6181145
61.8652458
61.9742203
62.0430565
62.1657944
62.4367828
62.4142342
62.2893448
62.0990295
61.6334152
61.511982
61.4288177
61.4094582
61.6405182
61.9167633
62.7125015
63.0009956
63.2983704
63.3450584
63.0647354
62.7032394
62.042057
61.6167831
61.0094299
60.7744904
60.3892822
59.9729881
59.4138565
59.1118164
58.8626251
58.7612228
NaN

skillet_left_distanced from_4.txt
13.3625994
13.838623
60.9063339
60.5266647
60.7455101
60.9099884
61.0638123
61.1443863
61.2301865
61.2645302
61.153019
61.0559082
61.1306648
61.179985
61.0413666
61.1599808
61.4458733
61.5109634
61.9182816
62.4309502
62.7680168
63.1308327
63.3602371
63.6082077
64.3687592
64.6757431
64.6354904
64.7855377
64.8007507
64.8502655
65.0658875
65.2865067
65.5583115
65.8891296
66.2982025
66.7609329
66.8082886
67.4204407
67.973053
67.845047
67.3762436
67.5202942
67.7425842
67.7655487
67.682518
66.4186096
65.6172943
65.402565
65.2599258
64.8370361
64.4944382
64.4318314
64.1491547
63.857605
63.3709526
62.6476173
61.949852
61.0973015
60.3894386
59.7602615
59.299572
59.0837593
58.7509918
58.4336548
58.0333519
57.9408379
57.9752007
57.6578751
57.1306686
56.4874687
56.0129356
55.5762672
55.206459
55.0667839
54.6906166
54.3991776
54.4033241
54.467598
54.564518
54.5830765
54.7500381
54.9559441
55.8105927
55.82724
54.2698135
54.0318871
54.698616
54.9915543
55.2842827
55.6781082
56.28405
56.7432251
56.9795456
57.1327896
57.0540314
57.0937004
57.1647415
57.1649361
57.0214195
56.9189415
56.6194534
56.562561
56.6620064
56.6637268
56.7292023
56.7561378
56.7868462
56.7575417
56.9329071
57.1445961
57.0540237
56.9748383
57.3360176
57.3002319
56.5294876
56.5825806
56.8977623
56.6575966
56.5773239
56.5419655
56.6021385
56.7098083
56.7573395
56.8721008
56.9874382
57.1386986
57.2967224
57.3125267
57.2012062
57.0946503
56.999649
56.8914146
56.7889481
56.6998444
56.4203835
56.5120277
56.8895378
56.9533119
57.0331039
57.1283875
57.1650925
57.0665283
58.3440628
58.0673256
56.4222908
55.6653137
55.8188362
56.7325134
56.7611732
56.7497025
56.6504364
56.7509308
56.9746056
56.9735069
56.9963722
56.9760628
56.9234886
57.049202
57.0102577
56.7943993
56.6536064
56.5476456
56.5289383
56.6085892
56.6807518
56.6815414
56.7606964
56.5743866
56.7135506
57.0326462
57.162281
57.1567917
56.9605675
56.8912468
56.8083496
56.7274628
56.6510963
56.628643
56.5933495
56.7520065
56.9980392
56.7549133
56.7335243
57.0833359
56.8974228
56.5005112
56.7518425
56.5285606
56.3613129
56.8723984
NaN

skillet_left_distanced from_5.txt
11.5332756
11.776804
55.7257385
55.2314529
55.2540703
55.7109528
55.9676285
55.8435249
55.5624123
55.4896202
55.6634827
56.0779686
55.9708786
55.3607063
55.0834732
55.1856155
55.5305138
55.9121208
55.8362885
55.8230324
55.8360939
55.6185532
55.7902832
56.1477051
56.2285309
56.4105339
56.5888252
56.7102509
56.5194778
56.3951225
56.8134689
57.3200951
57.0718231
57.1062698
57.7677002
57.9591751
57.3958817
57.3538933
58.2047691
59.0172462
60.0399399
60.3729935
59.7483253
59.6574135
60.6921463
61.2457008
60.5276947
60.7742119
62.0534706
62.260685
61.4183884
60.9232178
61.7185326
63.6963043
64.6253738
63.1314812
62.4052048
63.3764725
64.6780396
65.0915298
65.0501175
66.1235733
66.6437302
64.578331
63.851944
66.4272232
68.0388412
67.4796829
66.4340515
65.7873001
67.0727081
69.2081909
69.2940216
67.53759
66.1860504
66.7962799
68.1289825
67.499733
66.0972748
66.2305832
67.0388641
67.1620865
66.9040146
66.8621216
66.6793671
66.9317245
67.5610428
67.5727158
66.558342
66.4258957
67.6219177
68.2663498
67.4975204
65.9085846
65.7290421
67.2288666
68.1822205
67.5766449
65.9714813
65.7360458
67.6832809
68.7090302
67.5664597
66.2239838
66.1285095
66.5741653
66.559082
66.9657288
68.5922623
68.916748
66.8237686
65.6251221
67.0976334
68.4494247
68.3214035
67.3135681
66.5964584
67.0981674
68.0355682
67.8585892
66.8168869
66.8511353
67.6591263
67.4729996
66.66362
67.0700302
67.2877655
67.240593
67.8154602
67.4890976
66.9370804
67.4405441
67.8893585
67.0721588
66.5128326
67.2369156
67.9100037
67.9018936
66.922226
66.0788727
66.9886551
68.5708923
68.3423309
66.1855545
65.6674805
67.2155914
67.7875214
67.7500076
68.081543
68.3915558
67.6752396
65.9750748
66.3003616
68.3735733
68.5662003
67.5487671
66.85009
66.7217102
67.8337173
68.8880997
68.2273254
66.5790329
66.1130753
67.1239853
67.6833115
66.7488861
66.0451508
66.7084198
67.3029327
67.2819519
67.1687622
66.7510452
67.1017838
67.6174393
67.9997787
67.4101791
66.4312286
67.0531464
68.228035
67.8509827
66.2329559
65.6154251
66.9282761
68.064621
67.8875809
67.0355301
65.9099503
66.2681885
67.5570984
68.491684
NaN

skillet_left_very close to_1.txt
13.3261547
13.3631039
70.4624176
71.1895828
71.7472229
72.2345047
72.618042
72.9558945
73.2757492
73.651825
74.2055206
74.9927368
75.9549561
76.9647446
78.0248413
79.1927872
80.3856659
81.6102905
82.9509735
84.3910446
85.9294891
87.4847946
89.2170715
88.4604416
86.3705673
84.3176193
82.0208282
79.4754639
76.915596
74.4185028
71.8538284
69.235817
66.5595779
64.1697845
62.3542519
61.2692032
60.5941963
59.6972275
60.7880287
60.9678955
63.9849396
63.9491501
63.6792603
63.4857674
63.1043358
62.8336716
62.6244888
62.5708847
62.7863426
63.0029907
63.134388
63.3675194
63.8121719
63.9734116
63.8540726
63.6150513
63.3612747
63.2163124
62.9004898
62.7874908
62.8754082
62.9693985
63.2173691
63.4575996
63.624054
63.6906548
63.9141579
63.9475517
63.8781624
63.8465462
63.5860481
63.1795845
62.9163208
62.6626816
62.5084114
62.5158195
62.6800385
63.1239548
63.3627968
63.5965538
63.835659
64.0246658
64.0748749
64.0890198
64.0096207
63.7883377
63.5197906
63.1245003
62.8871422
62.5937309
62.5393982
62.645546
62.8041077
63.1174316
63.3839722
63.7672691
63.8904572
63.7376518
63.5357437
63.4130669
63.3327179
63.1582336
62.916172
62.9151802
63.1098137
63.3609543
63.6994667
63.9366417
64.0303497
63.9402695
63.9510078
63.8775902
63.5840836
63.4661331
63.1663818
63.0048218
62.8465538
62.6932945
62.7038345
62.808712
63.0700912
63.342144
63.6870461
63.8369713
63.9043427
63.9025345
63.920929
63.9347725
63.826664
63.7526855
63.5573769
63.2105255
62.8943024
62.6767731
62.688324
63.1745644
63.7894745
64.6064835
64.5840607
NaN

skillet_left_very close to_4.txt
10.7177858
10.5116606
55.8284531
55.8434715
55.9060745
55.9601746
56.02845
56.1328583
56.3827095
56.4592781
56.2465897
56.2312698
56.3556557
56.3389168
56.2223663
56.0512047
55.8203697
55.803463
55.8458366
55.9141083
56.0318069
56.1668282
56.3463974
56.6226807
56.8822479
57.0869751
57.0873795
56.9570694
56.9930992
56.9393654
57.0566978
57.2025375
57.2510605
57.5168724
57.6742287
57.8845978
58.1177521
58.2428627
58.3589935
58.6098595
58.9089622
59.1155128
59.2507019
59.3532944
59.5080566
59.7484131
59.9379578
59.9866982
60.0657578
60.3074684
60.5576248
60.8317566
61.0319138
61.3316078
61.6612396
61.8129272
62.1080666
62.6404572
62.9059334
62.9209328
62.7977219
62.8217735
62.9906616
63.1450386
63.1465187
63.1245422
63.4414749
63.8654327
63.7031326
63.6688385
63.8757248
64.0636749
64.2007904
64.4553452
64.5860672
64.7005997
65.0509033
65.1215363
64.8064423
64.8906708
65.3276443
65.7253799
66.0435181
66.3872147
66.8255997
67.1326828
67.3713303
67.4444199
67.4246826
67.3155212
67.2522583
66.8945007
66.0065384
64.8851166
63.3922997
63.473278
65.4051971
66.6810455
67.6690521
68.0315018
68.9664307
69.2158585
68.8807678
69.2820816
69.0873947
67.8911819
67.4009399
67.5815659
67.460701
66.9825668
66.8291702
67.283577
67.5192261
67.8953018
68.4272232
68.3871307
67.7475128
67.184288
67.235817
67.3305283
67.086319
66.5935822
66.6225739
66.7335815
66.6335297
66.5178299
66.0727768
66.059021
66.9269714
67.8387299
68.0608292
67.6743622
66.994957
66.3511887
65.7803879
64.8872223
65.1868439
66.6153641
66.6811829
65.7100372
66.4440689
67.8973923
69.0222778
69.6101761
69.4892502
68.6475754
67.6226501
67.4763947
67.7335205
67.8466644
67.4849548
66.9458847
66.3009186
66.0139236
66.2938156
66.7222824
66.8156586
66.9472809
68.1217422
68.7224808
68.3772888
68.0708084
68.0230026
67.6933746
66.7584
66.4042206
66.3757401
66.5686874
67.326561
67.9003754
68.2076187
67.856308
66.6301575
66.2590408
66.1582794
66.1231689
66.8815994
66.865921
65.2458344
65.103302
66.3517456
66.8422623
66.8734131
67.3921432
67.7619781
67.7658081
68.1289291
68.9197464
69.5865707
69.8226089
NaN

skillet_left_very close to_5.txt
19.3973331
19.3540115
83.788353
84.4347153
63.9438477
78.9914703
58.6297455
70.4076233
75.2649155
62.6911011
60.7007065
58.9069214
75.5267868
85.3399048
56.6644516
61.6652679
81.56073
62.9511833
80.6268997
76.2615433
60.4789124
84.5928192
81.3880844
59.9657288
64.9311752
59.2823944
68.7107468
83.1212387
58.2124634
58.8333664
58.6701126
74.8797226
66.6341171
63.5157547
71.8262177
62.7706451
87.0111542
58.0666962
56.0846405
87.5330505
87.0058289
87.115387
87.7754974
72.3660126
72.7273483
56.0643539
76.5325546
56.1714935
84.2614594
54.7188034
87.9545898
56.5175552
81.2645798
59.0665894
90.51548
91.0550919
88.8794403
87.8706818
86.0070953
63.3643341
77.7231903
62.2587433
74.3743057
65.1218185
54.0966797
61.317009
60.6616592
53.3945847
52.8462143
71.5953674
72.0350571
68.848259
51.0481644
49.8401871
81.0776291
49.2784653
59.940979
48.9510193
50.5194855
50.1645508
49.377861
84.7391739
85.6176987
55.2356491
70.602066
63.9528198
76.2021942
91.7860641
50.3212433
67.3685226
92.4625549
74.7038651
88.6513596
75.0969315
90.9924316
54.231842
56.1151505
80.5088425
90.4674911
68.1911774
91.3748474
76.6555252
52.1734161
80.8019028
89.3704529
56.7246857
53.082077
53.4597321
71.5768509
80.4814606
63.210968
53.7428207
87.6110687
88.1458893
68.6420059
87.4974823
62.5021439
86.1039505
79.7245178
81.2884064
62.8411255
74.8036652
82.6322174
80.9557419
76.9571381
80.0062866
62.7623062
64.3310013
53.0268097
63.0006866
78.7982101
59.1244812
69.1567535
55.752037
83.2244797
86.3433914
55.8034973
71.1462936
82.9956741
55.7831955
88.2772217
66.2897568
80.524559
60.1974869
55.2390976
82.1996155
80.1026459
63.9621277
82.970932
55.5298462
57.7101517
61.2835388
64.0644684
60.1931534
77.8787689
81.8480301
68.8386765
55.7070999
75.7596512
82.5580673
71.9023972
58.2354126
83.8565598
66.4502335
52.5360641
54.7443848
92.1906586
90.93573
81.6608276
72.2408371
53.766861
80.1502304
66.5347748
64.6104584
56.0014496
75.8321762
84.2886734
85.8870697
60.0505142
57.4510574
84.1093597
85.2401123
78.587265
70.9999313
88.1449203
88.032135
61.2013092
85.3188477
54.8063812
88.8376846
NaN

skillet_left_very close to_6.txt
10.7598104
10.6333227
61.1070137
61.1026955
60.925972
60.833252
60.6662865
60.7391663
60.7240791
60.5405922
60.3710442
60.3037338
60.1627922
60.0832062
59.9352303
59.8271103
59.7196999
59.7349281
59.7626457
59.7563019
59.9029846
60.1347961
60.3928871
60.6035843
60.7923851
60.9718819
61.0699921
61.0834885
61.1540604
61.2163353
61.303421
61.3874817
61.5360565
61.7418098
62.1674347
63.5006371
64.6535263
65.8877182
66.3105011
66.5324783
67.0631409
67.912056
68.5343552
68.8325958
68.8570633
68.3025589
67.7830658
67.3939743
67.6546555
67.9439011
68.2527695
68.2928543
68.5089569
68.8874741
69.0700989
69.0157242
69.3697891
69.916687
70.4446335
71.1109238
71.6425171
72.1035461
72.5308456
73.0371094
73.6495819
74.3067093
75.0673599
75.721138
76.5782776
77.5693359
78.3983231
78.6606064
78.659584
78.9074173
78.8690567
78.9610901
78.7891464
79.1799698
80.2446365
81.460968
82.1215363
82.0741653
82.4250565
83.7039871
85.3563309
86.2875824
86.9876022
87.5446014
88.8938904
89.5775604
89.3541031
88.1801224
88.0396881
88.0429153
87.9280167
87.4333954
87.2702408
87.5093689
87.4778442
87.1043167
87.1281433
87.2534943
87.2694397
87.4074173
87.6421814
87.8632889
87.9363022
87.877594
87.9009476
87.9124146
87.7845383
87.4854965
87.1838379
86.8129272
86.3989944
84.9844284
83.4910507
82.0573654
82.3492126
83.7361145
84.0125961
82.9804459
82.5646667
82.9277954
83.7043076
85.0995636
85.868248
86.6284714
87.0612183
87.4258728
86.8462143
85.5233612
85.1823578
85.8088455
85.7552032
85.5180969
85.3246231
85.2111359
85.2195358
85.2018127
85.055397
84.7879105
84.2458115
83.8239136
83.4172592
84.0088043
84.7597656
84.6823425
85.1512833
85.9287643
86.0968781
85.98983
86.2700119
86.8035583
88.5347061
88.9085846
89.1669922
89.3912201
89.1863708
88.0449448
87.0392227
87.2619781
87.4457397
86.7676468
84.8509064
83.085434
82.4982147
81.727356
81.6107178
81.5818558
81.6096649
81.3547592
81.0978317
80.8155136
80.7692337
80.9263
80.9967194
81.1121292
80.9896469
80.9140015
81.0163727
81.1085358
81.078392
80.860878
80.9082794
81.2431259
81.4444199
81.7008896
82.20681
82.894516
NaN

skillet_right_distanced from_4.txt
16.7529774
17.0430698
46.3906212
46.0282364
45.9099045
46.279171
46.4226456
46.1466675
46.0736084
46.6801987
47.2368011
47.5478821
47.4613342
46.955925
46.299942
45.6629181
45.6122894
46.0191422
46.4407349
46.7746048
46.8128891
46.5955276
46.5406036
46.6497803
46.7926979
46.8286972
46.6218109
46.2889557
46.7394371
47.3774796
47.3197136
47.1017685
47.0763626
47.3613586
47.8447876
48.1499786
48.2493668
48.4486923
48.7602921
49.0094147
49.7216873
50.309082
50.904068
51.0909042
50.6449127
50.3951454
49.946888
50.1176491
50.7541428
51.2446136
51.7671127
52.4271469
53.1706276
53.5349274
54.0621262
54.7997246
55.2353287
55.4136314
55.8264618
56.3470306
56.3492775
56.46632
56.2344246
55.2457581
54.9122887
55.2953758
56.3031311
56.6092224
56.9803009
57.0161591
58.0796127
60.8505592
63.1349716
63.6665001
64.3197861
66.4265747
64.2660904
63.3892899
62.5698547
61.343483
61.4769287
62.0054169
62.1999893
63.749527
64.3189316
64.109108
64.1153183
63.9542084
63.3685837
62.0374069
61.165451
59.2498169
57.7584229
56.9394073
57.006012
57.8935318
59.046402
60.8118668
62.0644684
62.860817
63.3201447
63.4436722
63.1857605
61.6408005
57.6690979
53.8330231
54.7551575
55.6422958
56.6170425
57.4291534
57.6189957
59.002182
60.6694946
61.4878616
62.306839
62.0201874
59.9644699
59.2385025
58.7243729
57.5148163
56.159317
55.6523895
54.0893822
53.4016418
54.1947403
54.8285675
55.2232437
55.9228439
56.7365494
57.0029144
57.1069412
57.2309418
58.4042206
59.2823334
59.3089066
59.5568085
67.7711258
72.8898239
71.3783646
68.5114517
65.1213684
64.4781647
63.8031387
62.8297577
61.0838547
59.7377472
57.7647934
57.315567
57.1073074
57.3737488
58.2296753
55.7484207
55.3396454
57.0463104
58.4365921
57.5829926
57.8376312
60.7825317
62.5703049
61.8083649
60.6773376
59.6648865
58.6044159
56.9954529
56.1052246
56.4778824
58.524292
59.2988281
58.4786835
58.0914078
59.2721024
62.3085251
63.9987488
66.052681
66.596962
NaN

skillet_right_very close to_4.txt
14.0394907
14.1115637
97.236618
96.753624
96.5466309
96.8805618
97.5999908
98.0192184
98.0272675
97.9167175
98.2014084
98.4978333
97.9347839
98.1571198
98.7435913
98.6289215
98.7741928
98.9129562
99.1879578
99.3763351
98.863327
98.1726837
98.1051025
98.184845
98.1197205
98.0784683
97.360611
96.5112152
95.6457138
95.244339
94.3821335
94.091713
94.2465057
93.312149
92.0573273
90.2498398
89.3267288
88.5673065
88.1485672
87.8517685
87.4544754
87.4978333
87.8065109
87.753479
87.835083
88.7507019
88.9863892
88.5228577
88.6692276
89.7800903
89.5275497
87.2877502
86.3867264
89.3625107
91.0103149
88.663681
85.2330322
84.9990616
89.1654663
92.2223892
89.6310196
81.5015259
78.684082
84.7876892
88.0024796
87.6314926
87.7522812
89.6363144
89.3463516
89.3068161
88.6162338
86.3623657
85.5613785
83.7717285
81.912262
81.4455643
80.7151718
78.1730194
76.1461792
75.671051
75.3964005
76.1802139
76.6824188
76.2675629
75.985527
74.5098572
75.5739365
75.8948517
74.7735443
77.2304688
79.9755859
77.7822876
73.0850296
75.1865616
78.7284927
80.2796402
85.5738983
81.2014465
70.9423676
76.3622742
78.0049591
72.0526047
80.3982849
89.7026978
88.9463348
87.170929
77.6301193
76.7834702
78.3309937
78.8786774
75.5454559
71.105484
71.4779892
69.4200058
69.5138245
67.0011749
64.9766159
69.7395096
68.0197906
60.8358192
64.3937759
70.9033966
71.7125702
75.1676102
79.6112061
80.7825317
80.1274414
80.9027481
82.2074356
83.1710663
80.5681229
79.7061081
80.6951218
79.6139069
80.4113693
80.394249
80.9835129
80.1285858
78.6183853
80.7131882
80.833252
81.7487335
82.592247
80.7619476
81.6501083
83.0825729
80.4546967
78.2558746
79.7860565
79.649292
79.2641678
80.2659073
76.2894669
76.795723
78.8569946
73.983078
72.8343048
75.0944748
73.470871
71.3250351
77.4738617
77.0447388
76.5422211
78.0997009
76.2937851
76.3979416
73.7400055
71.19561
72.086731
72.517807
73.3953094
75.4037323
70.7240295
70.1013336
80.8103867
82.9158401
69.1659241
71.9216995
85.2097931
90.9432297
87.8544006
85.5549164
79.7754593
78.6810074
79.7854691
79.5130463
74.365799
71.5582581
68.7484894
65.2317505
NaN

skillet_right_very close to_5.txt
6.64149714
6.84284735
52.7526512
52.685112
53.0590477
53.085865
52.5373955
52.2973518
52.8881721
53.7103233
53.9177933
54.1669006
54.9703178
55.6698341
56.1811028
57.147934
58.6007767
59.4547691
59.0857353
59.4348869
61.3188095
62.874691
62.2852821
62.1736298
66.1847839
68.954567
67.7229767
64.8820419
66.8660965
67.9428558
63.8268471
61.2071762
62.7224388
65.4174881
65.8488007
62.7606354
62.0291023
65.0908508
68.2649994
68.4461594
65.4814301
63.5667496
65.9454575
68.8998871
67.7459183
64.3434982
63.2894478
64.2351913
65.1310043
66.6100082
66.0073853
63.0082092
62.3494034
65.5683517
68.1773224
66.2582626
62.829155
62.5540886
64.7250671
67.1447067
65.8464203
62.099514
63.2118187
67.4349289
67.9683228
63.9775772
62.1012421
64.9550552
66.2451401
63.0034332
62.0394707
66.272522
68.2576981
65.7837753
64.2055511
66.49263
67.8000488
65.6713638
62.8099136
62.6105881
65.1760941
67.4032822
66.1658859
62.9285469
62.8477287
65.9677887
66.9131165
64.5020676
62.5507927
63.714798
65.2795715
64.8158569
63.674366
64.501442
66.4033508
65.8666534
63.4008827
63.456295
66.8052063
68.1140442
65.7501373
63.5248184
63.914959
66.1406555
67.5465927
65.4366913
62.1941719
62.7932816
65.3865128
65.2061844
62.4245415
63.1898232
68.1792374
68.9380112
65.3671036
64.6963959
67.2695999
66.8260574
62.334198
61.2986526
64.2073822
66.2352905
65.0252609
62.6157684
63.5488052
67.3103485
68.5557251
66.4307175
63.8503227
64.1713486
NaN

