spatula_left_distanced from_2.txt
104.591179
104.952621
115.101677
115.199409
115.26403
115.627342
116.218849
116.496758
116.567207
116.509521
116.206779
115.899117
115.804779
115.770714
115.700401
115.121185
114.926338
114.933907
115.06295
115.600243
115.991104
116.336479
116.375099
116.307671
116.139771
115.775414
115.632942
115.256424
114.879387
114.664536
114.567734
114.174248
114.015526
114.291359
114.602615
114.872185
114.898468
114.765686
114.477066
113.89994
113.482239
113.470787
114.36969
116.681282
118.190086
120.066978
120.58046
119.71032
118.991486
117.442497
116.514191
115.697983
114.863525
114.542564
114.105232
113.983269
114.687973
115.943718
117.431702
116.518204
113.92215
113.803276
115.61113
115.927696
114.928139
115.103836
116.63414
117.309265
116.318161
115.216248
113.877487
112.91333
112.760292
113.842239
116.650108
117.744537
116.692421
115.327461
114.883331
115.956902
117.808907
118.51899
118.72702
118.615334
118.18454
117.626175
116.377167
115.895187
115.806267
115.165527
114.302155
113.315086
113.184052
113.136192
113.275604
114.297195
115.399284
116.336304
115.748718
114.563782
114.449371
116.081924
117.431664
117.630173
117.077705
115.985794
115.376106
114.888481
114.77845
115.57373
116.60424
116.988548
116.710587
117.224174
117.663803
117.117256
116.135002
115.832375
116.554039
116.565498
116.15921
115.390076
114.616653
113.135681
112.344971
111.763588
111.265099
110.604866
110.424599
111.292435
112.456741
114.911804
116.434219
117.118454
118.082787
118.321373
117.758774
117.494827
117.038475
117.098335
117.618263
117.650833
118.476013
119.021606
118.446449
117.921196
117.405472
116.981415
116.352058
116.115334
115.64032
115.103401
114.557419
114.642609
115.229568
116.037827
116.994133
117.396584
117.329018
117.673889
89.9471054
89.5748978
140.156006
140.337234
140.809372
140.892166
140.779053
141.308838
141.220261
140.407272
139.9561
140.124329
140.42598
140.290848
140.24115
140.179718
139.794876
139.726303
140.025925
140.032684
140.121262
140.963974
141.410019
140.592041
140.005051
140.184341
140.20285
140.061295
139.796387
139.792862
140.525696
141.136734
141.318497
140.732773
140.239563
140.876068
141.09877
140.026489
139.671295
140.285919
139.644562
138.929321
140.31134
140.588684
139.813614
140.802444
141.803055
140.833298
139.97316
141.485718
142.117798
140.702118
139.584549
139.31543
140.927872
142.325104
140.885956
138.246811
136.810089
138.588257
141.596695
140.58165
137.705734
139.647018
141.888
140.981842
140.600082
143.456345
144.986664
141.266846
137.118576
136.337921
139.460922
142.358459
141.397736
139.081131
138.661743
141.764511
143.761322
140.975296
139.743408
142.329422
142.205612
137.338074
135.615952
138.263901
139.998322
142.141983
142.368958
139.558472
139.342087
141.83902
142.002838
139.853928
141.239517
143.570969
142.892868
140.697693
137.688934
138.494308
142.440475
142.597275
137.56282
135.213638
137.487015
140.342651
141.446106
140.734161
142.69841
144.279358
140.401367
137.772385
140.701828
142.324142
140.923141
138.916428
136.795166
138.795547
143.22139
143.811172
142.001221
139.918854
141.048065
143.950653
141.635483
137.594757
138.388916
139.118073
138.227722
138.436386
140.198425
141.010895
140.585098
142.970688
142.990219
139.203827
139.38533
142.589401
142.644104
139.569901
137.862411
138.877579
141.363556
142.267319
140.096512
136.937454
136.736588
140.463211
142.587524
139.827209
138.447372
141.02597
141.099136
140.049347
141.639618
144.02655
142.911514
138.958267
136.307739
138.21167
90.4895248
91.4849014
114.504166
116.168388
116.745773
115.771584
114.94767
115.631195
116.639236
116.350662
115.526176
115.887314
116.739014
116.209854
114.640465
114.557816
116.522278
117.373581
116.045013
114.742386
115.11628
116.703766
117.922356
116.677757
114.56427
114.614021
115.765121
115.634773
113.88607
114.189392
116.802452
117.223862
115.798248
116.193558
117.317146
116.127792
114.369408
114.312027
115.205811
115.726044
115.207291
114.577675
115.396172
117.113754
117.676842
116.811401
115.75914
115.953362
116.989288
117.494598
116.118698
114.196007
115.863754
115.648232
114.908043
116.581985
115.499596
114.713905
115.30854
115.498512
114.837776
114.387817
115.040565
115.601898
114.95105
115.746658
118.245262
117.629768
114.734573
114.162987
114.969162
115.809914
115.948708
115.527367
116.988304
118.325287
117.341682
114.992943
115.257706
117.053802
116.097511
113.742035
112.921104
114.498077
116.142448
116.093231
115.443146
115.268936
116.310516
117.430367
116.763245
114.856644
115.424805
117.187439
116.535759
113.665657
113.315292
115.791595
115.893288
113.947884
113.961868
117.047562
118.80426
116.730186
115.084129
116.741905
118.213654
117.718185
115.709618
112.816925
113.363441
117.185188
117.42598
114.041862
113.555122
117.627045
119.005463
114.408928
111.88105
115.222557
117.607666
114.784172
112.468437
115.103226
118.016365
116.692169
112.079178
112.431
118.934181
120.25544
116.023277
114.171219
115.442085
118.203293
119.689522
115.883995
110.428894
111.896507
116.206467
115.513908
114.321312
114.744949
113.32856
114.798416
120.67453
121.080284
115.274841
113.882553
117.742287
121.035858
119.41291
112.596176
110.458946
115.421783
117.685776
113.730972
110.550308
112.796227
117.392715
119.455696
67.7187347
68.1627655
47.6966095
48.5833702
52.3260918
55.5125084
53.3244743
52.4634819
55.7286606
58.1770401
57.6579361
55.6389427
53.4025841
51.9459686
52.3910217
53.1662674
53.9313965
54.219986
54.3278847
53.5768013
52.9276466
52.6459961
52.7602119
53.1704636
53.6597061
54.0781174
54.6959686
54.7158623
54.0512505
53.3401108
53.5749969
54.1482658
53.983963
54.1230698
54.1223564
53.0741653
52.6600876
52.6527748
52.6283302
52.9471664
53.2739983
53.6078377
53.9668579
54.1091118
53.7003975
53.571907
53.3960381
53.2856827
53.0466995
53.2674599
53.6894264
53.3734093
52.9601402
52.6619186
53.0453568
53.7760315
55.0355453
55.4487419
54.6726456
53.6274109
50.9147186
49.8144608
51.1480522
53.0162849
55.6931458
56.4356155
57.4433403
57.488575
53.5665016
48.556881
45.4772491
45.1941872
46.9606133
49.9727402
53.1010551
53.4779129
53.1126633
53.8293266
54.3075294
54.5381432
53.4468575
53.8919525
53.8936653
53.1080971
52.6982307
53.1809578
54.1857681
58.4500465
59.6929932
59.8130264
57.0134811
56.2079964
56.2162857
53.6580009
51.8488083
51.2007446
50.1395111
47.8489876
46.1759911
49.731823
51.284996
54.3951302
56.0177307
56.6260757
56.1752243
54.4373131
52.6340294
52.6007271
53.6492081
54.5898094
56.1378059
56.2198257
57.3249054
61.3576469
63.5247841
61.7218437
59.6360435
60.1893616
60.4490547
60.1627731
57.5401154
56.0677567
54.3104362
53.3308907
52.4157715
52.3480949
52.4167824
52.6364326
52.5440102
52.331459
52.4483452
52.6821251
53.4683037
52.8822441
53.0013351
55.432373
58.565197
59.6964149
59.3360748
58.5974236
57.1431923
55.9338112
54.3674202
53.276825
53.0187225
53.0066605
53.0908356
53.4309158
53.616291
53.4036484
53.3846893
53.4184113
53.2143097
53.5470772
53.7712097
54.0552597
54.1838989
53.6314697
53.7091255
54.0804443
88.3336411
88.2290497
151.650818
151.762878
151.761154
151.621262
151.964203
152.280273
153.199097
153.568817
153.783569
154.075272
153.70575
153.274872
153.292847
153.574326
153.895905
154.40831
155.636551
155.768112
154.135468
153.348083
152.594666
152.374527
151.414444
149.094208
147.661118
149.506332
151.734344
151.016113
148.587692
148.142288
150.113922
151.156891
149.41156
147.449997
148.380539
149.551239
150.179749
151.085556
151.510925
151.127884
151.079681
151.845383
152.645767
153.102142
153.741196
154.067078
152.771561
152.936157
153.330002
150.747437
148.740295
149.424988
150.77655
151.83551
153.182373
154.7957
156.0728
159.328522
160.705276
158.22963
156.908981
155.40152
153.991425
155.013733
157.671844
155.913895
152.543045
151.96019
152.011734
153.159348
152.825775
150.309021
151.869507
153.33226
151.268326
150.837234
151.415634
151.70697
151.541977
148.47406
146.050812
148.589218
149.811996
148.399887
147.043198
145.888
143.622467
144.718399
148.000137
148.399933
149.121475
150.155212
150.195129
148.378754
145.328247
145.297104
146.929199
146.718155
147.011093
149.277771
152.079025
151.07811
151.760666
154.280502
154.400238
154.62294
155.311081
157.057053
159.300323
161.09761
162.15564
164.687088
158.788376
154.363785
157.198685
163.847061
160.728775
148.325195
149.513367
159.492203
166.087311
160.813629
147.074768
145.420181
147.977722
147.501633
144.483276
140.50415
141.699051
145.302826
147.022003
148.271149
148.146027
146.360565
143.84845
141.531265
142.060089
140.966919
142.284683
149.086487
68.041153
68.1490021
29.0144157
29.3829479
30.0803986
31.3133297
30.760973
28.8154316
28.5008049
28.5499058
28.5326729
28.7640648
29.0391197
29.4151859
29.3953629
29.3136463
29.2535706
29.2891598
29.3112526
29.419363
29.5852451
29.3555794
29.2198849
29.3056126
29.229929
29.1097469
29.0942574
29.0034008
28.9907684
29.0611477
29.1023846
29.1616669
29.2650585
29.2129421
29.1752186
29.4099827
29.3760357
29.0399227
28.9833927
29.1772232
29.0800743
28.7631836
28.7726631
28.9240284
28.9896832
29.0981979
29.0034485
28.7259789
28.2832317
28.4688549
29.0231571
29.3260021
29.7140827
29.6903744
29.7862988
29.6234112
29.3821869
29.7256775
29.6793213
29.5678577
29.9040585
29.7461262
28.9863014
28.9748554
29.4732304
29.4678307
29.0054646
28.6499939
28.8202438
29.0850639
29.4477253
29.3412399
29.3518257
29.5149174
29.4603176
29.2693481
29.2819538
29.5902863
29.2836914
29.323185
29.3414135
28.9311924
28.7318134
28.0643196
27.464571
27.4907799
27.4796124
28.3406353
29.4041214
29.240736
27.5336285
26.8612041
28.1553936
28.9130955
29.027607
29.2042294
29.714571
29.8850212
29.8160648
30.4191017
30.7071209
29.9457455
29.7357578
30.0848656
30.1016445
29.887846
29.36866
29.1296635
29.4348297
29.8655415
29.8502121
29.5061207
29.5249825
29.7621269
29.7717705
29.4536095
29.1189919
29.2459831
29.5883141
29.6520309
29.1912651
28.6960945
28.8791561
29.0728779
28.3162231
27.5445747
28.7018242
29.3035336
28.4483795
29.0791969
30.1275406
29.1434879
27.8679581
27.4618378
26.2684383
26.3302422
27.717495
29.6676273
31.7587128
32.1830292
31.7006569
31.0502758
29.804306
28.6788616
29.03232
29.7029457
29.7059097
29.2920341
30.2835197
30.8959503
29.6236877
29.1703281
29.7718182
29.6915321
28.7937927
28.6260929
29.2994175
29.3330917
29.4941711
29.2866669
NaN

spatula_left_distanced from_3.txt
104.222763
104.181503
29.767622
29.9096165
29.8283043
29.5929146
29.5573025
29.5026035
29.1546211
28.9949112
28.9926567
28.8050365
28.7164917
28.7631264
28.6193218
29.0025196
29.3264484
29.3084755
29.5565109
29.6997833
29.4273987
28.4752655
28.1545696
28.5065231
28.9535999
28.6642075
28.2402744
28.4696999
28.7024288
28.477129
27.8394718
26.8128738
26.3080406
27.7788239
28.4211693
29.8482685
31.0360317
31.6721344
31.7380047
31.6413097
31.2153587
29.9498367
30.2399731
30.4597893
30.0499268
29.0931263
27.851244
27.4822769
27.5868244
28.3669891
28.0891075
27.9322033
27.4161472
27.2853813
28.4125137
28.5495644
29.659462
30.3681927
30.2603302
30.7875328
31.6124725
31.1183414
30.6037083
30.331337
29.9809818
28.6020126
26.2119293
24.6875591
22.4238224
19.0449524
21.4875431
23.4200573
23.1682167
23.8268299
27.3672733
28.8068295
25.8382549
23.2783566
24.5561523
27.4781113
28.1658669
29.5041161
31.1260605
32.6731834
31.6502399
32.750988
33.6384125
32.1991501
30.1488857
30.5330734
30.9181976
29.613924
28.7273655
32.4786148
34.183876
31.7994041
30.4865494
33.1576881
32.301178
29.4151154
29.3965092
30.263073
28.8963718
26.7407322
27.2131062
29.6425838
28.5739574
26.5920124
27.9252701
30.0655746
30.9314232
31.1364346
33.036747
32.8717041
30.7512016
31.1750832
34.4972992
34.303936
33.369957
33.997654
32.4801483
28.4277554
24.6430569
24.7485256
23.5814266
23.0252266
24.8909912
26.5528469
24.5191231
23.8052292
24.8976994
25.1889763
27.2770748
28.2371712
28.076231
29.2591553
30.7308388
29.2246819
27.9991817
29.2563744
32.4579773
34.096508
31.8930283
33.2278061
35.835743
33.9918556
32.5365334
36.4242935
38.428318
34.4725533
31.4140587
34.3477974
35.2122345
30.9454193
30.8481979
32.813694
32.3165398
30.6910458
29.9288101
29.8960724
NaN

spatula_left_distanced from_4.txt
73.9188766
73.8471527
132.03833
131.456329
130.921036
130.471252
130.212769
130.015213
129.90361
129.663528
129.401138
129.117523
128.860092
128.433411
127.926384
127.439529
126.818893
126.189674
125.462914
124.780647
124.189194
123.534393
122.900734
122.209259
121.385796
120.544304
119.922989
119.217705
118.379395
117.536926
116.638092
115.683968
114.713905
113.635376
112.592247
111.521309
110.608147
109.694313
108.550873
107.522858
106.530037
105.599022
104.644936
103.760674
102.797272
101.811935
100.814835
99.7630615
98.6208878
97.4511261
96.4049454
95.4525833
94.5249863
93.767189
92.8471298
91.9315262
90.8976517
89.7208252
88.9167938
88.0426941
86.7659988
85.7614136
85.1187744
84.4514008
83.7993698
83.0535202
82.5510178
82.1262436
80.6110001
81.3684235
82.1840515
82.0104294
81.3637619
82.1463623
82.7352448
84.6969681
86.6676712
86.3802948
86.2965164
86.4900818
86.6719971
86.6744308
86.8006058
86.8908234
86.9232483
86.9429855
86.9620285
87.0295334
87.286377
87.370697
87.2146149
86.9304581
85.9546432
85.5423965
87.42276
89.8436432
89.3810196
86.6243973
84.7687378
85.5546112
87.0523529
87.5158997
86.9384842
86.1730194
86.266655
87.6283035
89.0135727
88.7237091
85.6942596
83.3249969
84.6927719
87.4682159
87.8138275
87.2609253
86.9562454
86.749733
86.8076706
86.866478
86.828125
86.6248322
86.4300995
86.2506638
86.2718811
86.5700684
86.6581802
86.6093369
86.7502747
86.9332657
86.903595
86.8542404
86.8602295
86.8460083
86.8659668
86.8313522
86.6304932
86.4831848
86.4673843
86.4706802
86.6368637
86.8573151
87.0354309
87.1443863
87.2535934
87.278244
87.164093
86.8429565
86.6820297
86.8369446
86.7510529
86.6216507
86.5883942
86.5800476
86.5649338
86.5578995
86.5443954
86.6666794
86.879921
86.8943405
86.9880829
87.1166153
87.015831
86.9039993
86.8748245
86.7197723
86.5649109
86.5907364
86.6678238
86.6467209
86.4789429
86.5146484
86.691925
86.8435974
86.9759827
86.940506
86.9328079
NaN

spatula_left_distanced from_5.txt
97.0107346
96.7784348
132.326355
131.936844
132.854767
133.350784
132.662323
132.205566
133.152298
134.742767
134.121506
131.704559
131.489594
133.64119
134.536987
132.635315
130.71669
130.796707
132.639282
134.36882
133.851517
132.93457
133.979553
135.33075
133.769485
130.734741
131.420517
133.759583
132.26886
130.776459
133.111694
134.849472
134.221741
132.834778
132.950134
134.691681
134.967331
133.136261
130.3228
129.981247
132.835953
134.424881
131.952194
129.069473
130.223068
134.131058
134.840866
132.891327
132.353577
130.524902
131.49231
136.598541
137.206619
133.169479
131.974472
135.432022
137.555252
136.287842
133.433456
129.87204
130.081757
131.942474
132.00412
130.053467
130.173355
134.238129
135.70929
133.123199
132.11441
135.49585
136.420792
133.014832
130.437698
130.418686
131.23111
131.210922
131.270279
133.779831
136.200836
136.796417
134.248825
131.263489
132.713913
136.384384
135.692657
131.585999
130.321533
132.020737
133.137817
132.056198
131.100983
132.234451
134.329544
134.119965
132.426849
133.107468
135.621506
135.614166
131.479294
129.62233
132.432831
134.629105
133.349701
130.309341
128.300354
130.44191
133.738068
134.201813
134.15741
134.75238
135.529587
134.548798
130.771835
130.275269
133.668549
133.873444
130.521973
130.281158
134.129349
135.209061
133.896164
133.796677
134.858856
135.409271
134.132339
130.364441
128.90303
130.938126
133.317642
133.044403
130.056595
128.701782
132.244888
135.993759
131.54213
132.646973
134.211227
130.171646
133.404877
137.210907
135.972961
132.087677
132.595474
136.473572
137.257629
NaN

spatula_left_very close to_1.txt
72.2255783
72.0651093
178.001007
179.399643
179.127991
179.328278
179.455704
179.502289
179.664856
179.871811
179.736816
179.841736
179.889862
179.414825
179.097778
179.004166
179.065811
179.489853
179.775314
179.861526
179.571121
179.349289
179.272339
179.429382
179.928665
179.611847
179.16304
179.114426
179.615387
179.736816
179.794418
179.714691
179.730942
179.042831
179.003189
179.421219
179.370377
179.306488
179.680405
179.760971
179.268311
179.14682
178.93248
178.814514
179.246185
179.604355
179.928665
179.379776
178.92717
178.856354
179.215164
179.142944
179.099731
179.387711
179.770157
179.576187
179.242569
178.989151
179.013046
179.396393
179.625183
179.806183
179.834488
179.556763
179.236893
179.28154
179.717453
179.774445
179.777939
179.354416
179.093887
179.222916
179.436981
179.792526
179.867294
179.562546
179.146133
179.000244
178.994003
179.02623
179.142715
179.662537
179.878067
179.466614
179.179794
178.773148
178.848007
179.243332
179.521942
179.882965
179.727325
179.415161
179.069382
179.001236
178.958069
179.121292
179.578949
179.913773
179.757706
179.549759
179.173141
178.873077
178.772842
179.165619
179.775314
179.931473
179.455353
179.120621
179.286179
179.620514
179.712646
179.694824
179.456802
179.175995
179.539871
179.86879
178.836182
178.960709
178.970169
178.585281
179.042648
179.230255
179.174103
179.011658
179.15303
179.555893
179.281815
178.835007
178.744308
178.751968
178.935226
179.282639
179.928665
179.431793
179.157455
178.942963
178.861328
179.128662
179.278015
179.456436
179.442917
179.559433
179.551071
179.117294
179.004166
NaN

spatula_left_very close to_4.txt
89.5480042
89.9180222
148.373108
148.307739
148.373505
147.940369
147.418182
147.68602
148.015427
148.139084
148.608719
148.83078
148.501053
148.20488
148.227463
148.467026
148.374954
148.252777
148.461563
148.731339
148.9207
148.877792
149.072342
149.1716
148.930756
148.367386
147.774033
148.017075
148.251938
148.162109
148.241302
148.269638
148.039841
147.914017
147.322922
147.312546
149.228592
150.427902
150.527802
150.427139
149.595459
149.487869
149.896042
149.170898
148.307755
147.067108
146.570709
146.014297
145.372726
147.567703
149.775742
150.948181
151.188416
153.407303
153.484863
150.388855
146.310242
138.985916
138.929718
144.761078
147.139893
151.361252
152.051086
146.388474
145.554504
152.227951
156.273102
155.121887
154.210526
152.394226
151.923569
151.525009
148.553345
144.770126
143.874405
147.121033
149.704636
149.830612
149.891586
149.234879
149.103012
149.146271
147.661118
148.350342
151.458313
152.291794
147.39035
144.156982
144.966888
145.683899
145.078217
146.173828
145.519211
145.683395
151.004715
152.878387
149.117004
146.069168
147.129883
147.987396
147.604004
147.087082
145.884857
146.826782
148.957703
149.019073
149.47403
150.249741
150.680725
150.268478
148.705704
148.939117
149.463058
150.421982
150.656769
148.217682
146.601547
144.939499
144.19223
145.45166
148.000565
150.556885
149.881073
147.871414
144.808472
141.347351
141.348465
140.672684
140.171799
144.199417
146.797409
148.580719
149.24736
147.652328
145.871048
146.654495
149.411377
151.948273
151.371475
150.453232
150.782639
149.743683
148.256119
146.392929
145.648056
146.473358
147.649338
148.509445
150.171158
154.557877
155.039063
149.600494
145.931808
144.565063
146.143478
148.822723
148.402878
147.466263
145.8983
144.515289
NaN

spatula_left_very close to_5.txt
96.0816193
95.7264557
131.437988
130.698639
130.406693
132.051834
133.230896
131.386078
130.509369
131.522751
132.160904
132.161789
132.31044
133.084747
132.807571
130.744354
130.010391
131.320938
132.734756
133.100067
131.970474
130.714523
131.129074
132.697693
132.799683
131.774857
131.961273
132.924011
132.357452
130.646759
130.504105
131.139664
131.607407
132.316116
131.9664
130.733627
131.193192
132.459686
132.252869
131.836212
132.800003
133.619507
132.716324
130.908478
129.733566
130.695633
132.683411
132.674622
130.840179
130.391388
131.392426
131.953659
132.440842
133.166962
133.815704
132.794296
130.179871
129.896927
132.079269
132.893158
132.056641
131.404175
131.572769
132.368835
133.514389
133.213516
130.746094
129.909409
130.933945
131.465851
131.419037
131.097321
132.059845
133.303284
130.121475
131.425034
133.202042
130.00882
131.109894
132.019424
132.187698
133.282562
133.824478
133.904083
133.162079
131.04007
130.962555
130.737534
129.803909
130.510284
131.393463
132.409134
133.799774
133.72551
132.355515
131.602356
131.395126
131.801514
132.745361
133.645432
131.748169
126.874428
127.201241
131.856995
133.900589
133.755096
133.148865
133.609955
132.686905
131.09166
129.717926
129.271393
131.194794
132.670441
132.040741
131.674255
133.697433
133.446548
129.375305
132.306976
133.015167
129.770142
131.501678
131.85759
131.122726
131.315216
133.30069
133.754822
132.625595
131.869995
130.309799
129.787277
130.034729
129.3526
129.618637
132.463821
136.219177
135.425201
130.598907
129.772247
132.031082
132.380142
131.476349
131.778503
130.079391
128.392776
129.242462
131.166367
133.073456
135.155136
133.729233
131.583267
132.131165
131.144623
129.411575
128.748993
128.421936
129.719208
130.979111
132.230743
134.295776
132.574432
130.605881
133.177734
131.347366
129.294434
131.254715
132.487793
133.94313
134.669983
134.060425
133.49968
132.466629
131.111298
131.538742
129.957642
128.465363
130.395752
132.048111
133.683029
134.93663
132.836395
131.837234
132.126343
131.512314
131.874268
133.661255
132.903427
127.793358
126.734383
130.974854
133.552322
134.469437
133.194077
133.205841
133.229874
131.412186
130.683777
129.228271
129.757019
132.362167
132.688187
131.716919
132.058502
133.932068
NaN

spatula_left_very close to_6.txt
90.8759995
90.8442078
131.512772
130.889191
130.604904
129.519241
128.006012
127.85408
129.469849
130.76358
130.786224
130.774323
130.969238
130.850327
129.799667
129.421753
130.429749
131.897614
133.718155
133.500183
132.640671
132.07753
130.69606
130.457581
130.605988
130.385422
130.308151
130.624252
131.237808
131.466766
131.424957
131.217361
130.248672
129.828217
129.649765
128.416977
127.189323
128.157883
129.386856
129.126312
128.556976
129.411545
131.187286
131.631409
131.481003
131.616013
131.550659
131.05838
130.83757
130.592239
130.248245
130.134689
130.23938
130.143707
130.280136
131.012466
131.195831
130.988144
131.554413
133.237244
133.094254
131.709061
131.886658
133.501862
134.179047
132.13063
131.253204
131.861496
131.319641
130.754288
131.103973
131.630203
132.17984
132.716476
132.403671
131.005646
130.232544
129.486298
126.286972
124.414368
123.102852
122.879898
125.812889
129.999771
134.385849
135.046188
133.553848
132.087982
131.502487
131.186203
129.976151
130.010132
135.60643
140.267563
137.652756
133.874588
131.445175
130.800003
130.339066
131.086044
131.459717
131.398941
133.749527
135.118103
134.062866
131.579453
127.336502
126.385368
127.384476
128.378937
129.908249
130.333328
128.725525
125.140839
122.72921
124.660896
128.150101
129.712311
130.722763
131.093246
130.400696
129.615631
129.788971
130.212006
130.046753
130.13298
130.376251
131.053345
131.279617
130.722534
130.938995
131.642548
131.336838
129.746536
129.359528
130.550583
131.430511
132.898209
133.81427
134.259827
134.474686
135.449249
135.503937
133.486191
131.557526
130.330673
130.925247
131.589844
131.446167
130.785721
130.119644
129.441757
128.969193
129.55983
130.145172
130.415329
131.428772
131.512894
131.277496
131.400482
131.129333
130.633652
130.259094
130.549576
130.753448
130.354416
130.247665
130.355881
130.863052
131.690369
130.873901
130.039352
131.097504
132.423325
132.297485
131.564529
131.135101
130.558807
130.829636
131.969681
132.133423
130.437469
129.176758
130.457291
132.309433
132.418488
131.426895
130.896881
130.486557
129.362625
NaN

spatula_right_distanced from_3.txt
93.0934906
92.9922867
132.704651
133.235641
132.734848
133.393951
134.485138
131.924454
132.808548
133.264389
132.606232
133.131775
133.086258
132.847641
132.931046
133.16629
133.354111
132.782791
133.175415
133.251328
133.38736
133.303162
132.70401
133.817963
134.419647
132.630096
132.88623
132.687103
133.370926
134.628708
131.292267
131.989304
132.208725
132.149033
132.92746
133.012054
133.084564
133.170868
131.775146
134.367813
131.841003
132.97966
133.60553
133.261276
132.497589
133.297363
132.745117
133.665695
133.549423
134.703949
135.071198
132.543304
133.507721
133.377655
133.78299
136.675964
138.144318
130.671814
128.40889
135.550262
127.01181
136.610062
129.322769
129.687729
131.571381
131.243225
138.059677
127.947556
138.234741
131.378006
132.72554
132.101547
133.718063
133.866562
132.552887
132.824493
129.855728
122.072418
116.967178
126.472908
130.051865
132.697647
132.783905
131.954803
133.996002
132.742584
126.467384
128.721527
129.786041
132.501984
141.047363
126.583435
143.347031
125.496056
127.524429
134.898926
132.636795
132.63649
132.499832
129.883926
130.479797
133.24408
134.646332
134.735107
131.402451
129.993484
136.09993
137.541519
142.182465
139.329544
131.57843
133.112152
131.114334
131.822617
132.315262
130.691681
130.936066
132.147308
132.81955
132.882172
134.640762
133.356583
132.935913
134.317474
133.53949
133.529083
133.234711
132.441803
133.78093
133.918732
131.014771
133.84343
131.565735
129.748901
134.58992
139.195755
120.131004
124.297066
137.177979
131.753021
132.153473
131.762344
133.369522
131.003799
133.09787
131.49649
133.274841
131.60434
135.246231
136.159821
133.55452
141.252136
134.098938
131.592834
127.384857
130.73494
129.738113
128.312057
135.671875
131.621719
90.9658127
89.4958954
50.6765785
49.7401657
50.3326035
50.8644867
51.3554459
50.3519592
50.6442833
49.9607353
50.2253075
50.3397026
50.0045776
50.6466484
50.2345238
50.6964531
50.9066086
50.7151871
50.623024
50.5802574
51.0490723
50.5641098
50.3034248
50.5033875
50.5507889
50.7759323
50.2704277
51.4710884
49.0499878
49.3689575
51.1294785
51.1396942
48.2907295
53.3941002
52.7356644
50.4418144
50.0206184
49.4654846
49.1244125
49.9981995
51.6642075
51.9125443
48.6884766
50.222187
51.8916206
49.2736053
47.6768456
48.4354134
50.3007088
50.607132
49.9186821
51.0054131
49.7988396
50.63134
49.7994995
50.3039284
51.1822929
51.4834366
48.9150543
50.7209129
52.0311317
52.6145821
47.3789787
46.5479584
52.7419586
49.4311943
46.9130974
48.770298
51.9156418
51.4593277
48.0174446
44.8744087
44.1492996
47.9327087
50.107975
51.7415504
54.0217819
50.6362801
49.8803673
48.1859589
49.2007294
47.1264267
45.2764778
53.9953156
49.3209305
51.1128502
50.1064148
50.5893898
49.8706627
49.3568153
52.3100204
49.1650124
50.9970436
51.4836693
50.808342
49.9884377
49.3707848
49.0624046
51.8242989
51.0540886
50.6011581
51.094265
49.2209167
49.1865463
49.9874992
47.2804947
47.352684
53.8583603
52.7181969
50.0920258
52.053772
51.9365654
51.5547447
48.676609
52.4630051
53.1961555
49.8860626
49.6363564
51.5558319
50.7507057
50.5141487
52.3073463
47.608799
74.8813553
75.1139679
130.513809
129.09314
129.902298
130.007278
130.071381
130.355972
128.811127
130.05368
129.270996
129.706818
129.965179
129.174957
129.559036
128.944458
130.604065
129.832779
129.746063
129.221786
129.405304
129.656158
129.20166
129.69838
129.45282
129.540161
129.217361
128.600128
129.766129
129.544418
128.713257
129.035187
129.443787
131.269211
129.208374
129.805618
130.725113
129.973724
128.98439
129.852661
130.111343
129.716721
130.667435
130.076553
130.304474
129.82695
129.854889
129.624542
130.485046
130.524323
128.701157
130.476913
129.642319
129.310226
129.596985
129.273468
129.119156
130.307877
128.497269
128.65416
128.872757
129.700424
129.238663
129.737244
130.003067
129.785065
129.834457
129.666489
129.150833
128.946884
129.84552
129.078903
129.447937
129.54332
129.585754
129.812729
129.123077
130.27626
129.865524
129.215088
77.2453613
77.1598282
127.628807
131.616013
128.72168
129.550217
129.596039
129.218292
130.047119
130.223389
129.323227
130.72438
129.381363
128.241302
128.326691
127.588287
127.044495
130.003311
129.13179
130.571136
129.114395
127.762421
127.816299
128.550369
130.025772
128.292511
129.914215
130.034912
128.276718
128.715088
129.417725
130.278687
128.943954
129.961884
130.837067
131.34491
131.224823
127.270889
128.891586
130.419373
132.058029
130.406616
131.657471
129.668045
129.930481
127.475006
129.866898
131.327377
130.449951
131.23082
128.397186
129.011536
128.96109
129.264206
129.36235
127.965416
128.723038
130.041367
128.137665
130.045822
130.875198
130.429596
129.885681
128.224533
129.891983
129.237762
129.261963
129.743713
128.707047
129.904221
129.390961
129.005524
130.344437
130.086243
129.523178
129.056595
128.211929
128.947296
128.622833
128.765457
128.92659
129.167465
128.274292
129.785522
129.725784
128.371567
130.145096
129.690903
129.187943
129.237747
130.069214
129.121811
129.80957
130.180054
128.301758
129.940704
130.77887
128.708755
130.204727
130.692413
128.974579
128.83757
130.74646
129.99614
127.932777
128.23378
128.56456
130.01532
128.286072
128.643097
130.789352
128.697388
129.179245
129.009506
128.261002
129.102142
129.220413
129.741669
129.78157
129.172165
129.647934
129.599625
129.539368
131.209061
129.164886
131.255585
128.761505
129.764603
131.110931
128.793167
130.117462
129.963074
129.425522
129.249588
128.708786
130.472717
129.80899
129.89444
129.858566
129.251251
129.572067
129.12352
128.879028
130.004791
130.068344
128.452545
128.753738
129.37294
129.362427
128.777679
128.46759
128.456055
130.742828
130.328995
129.158737
130.494537
130.189377
129.917419
130.263107
129.088654
121.190849
121.229454
116.531181
116.703247
116.945053
117.257149
117.225517
116.531471
116.170944
116.133682
115.941284
115.800652
115.972733
116.015724
115.924744
115.812416
115.708649
115.657166
115.878082
116.340034
116.507111
116.234154
115.837868
115.104713
114.689491
115.357689
116.490585
116.830063
116.313782
115.926094
115.664047
115.525276
115.807526
116.052635
115.745865
115.512856
115.756287
115.741959
115.676361
115.691002
115.769608
115.900345
116.177078
116.559898
116.677238
116.392395
115.868767
115.91214
115.767433
115.327934
114.75547
114.253487
113.1996
112.460648
110.9991
111.819138
117.638412
121.793411
125.252136
123.983711
112.974312
108.835335
110.094559
111.153809
112.704788
113.665642
114.591805
115.066872
115.708939
116.192802
117.471115
118.065735
117.599998
117.012344
116.51371
116.66436
117.14534
117.733635
117.362434
116.603584
116.254959
114.897552
113.891403
113.281151
113.606476
115.110352
116.787003
118.361664
118.298386
116.768219
116.179535
115.904228
115.529526
115.727875
115.74189
114.813622
114.215683
114.191055
114.824524
115.997688
115.694298
114.41626
114.936119
116.706078
117.492165
117.971588
117.716087
117.094276
116.805542
116.715202
116.606163
116.136429
114.926239
113.842781
113.590599
114.98259
117.236076
117.746399
117.950783
117.491524
116.741432
116.536781
115.737518
115.035141
114.134949
114.13282
114.224205
114.048653
113.761177
113.938797
113.913956
114.261993
115.811363
116.494354
117.327965
118.135323
119.775414
121.552414
121.316193
122.278038
122.815575
121.845985
117.668793
109.130447
110.322723
116.201996
119.975822
120.568398
118.542496
116.461189
115.569099
115.215485
114.960419
114.111717
114.049675
113.201347
112.390297
112.744965
113.258659
113.531448
NaN

spatula_right_very close to_4.txt
73.6223068
73.4430313
134.969513
133.495911
133.502838
134.00766
134.460785
135.740875
135.93512
136.164948
136.11261
136.203857
136.710052
135.969925
135.24263
134.745422
133.807144
133.543427
133.431015
133.029434
132.658279
133.178955
134.575577
134.891769
134.761398
134.625381
134.533188
134.787003
135.237717
135.667496
136.272751
135.736938
134.625946
134.372391
133.09552
132.694305
134.151718
135.196213
136.001556
138.369888
140.401108
137.759262
130.066788
129.760574
135.724319
140.222763
139.733582
135.842987
134.128036
134.655228
135.522354
135.937668
135.855652
136.73259
136.982178
135.770401
135.542847
136.225464
136.203369
133.761673
130.647446
126.001434
124.244308
125.844841
130.053329
136.020691
137.313766
136.555832
133.60701
127.908051
125.096695
125.793358
129.239822
133.49762
134.566422
135.917221
137.224747
137.035294
136.25769
134.30864
133.479706
137.105118
139.698685
139.95015
139.298935
139.076889
141.09993
140.536743
140.566376
139.839966
138.979126
140.653534
141.541061
140.435501
138.518036
136.841385
135.30249
134.636124
134.600555
134.398331
134.511612
134.559174
134.128448
134.437347
134.607071
134.486511
134.218689
133.278046
134.577621
138.816223
139.42038
134.147858
130.453598
130.067291
131.831085
134.079514
135.046112
135.071487
134.581223
134.848846
135.093216
134.987274
135.506363
135.508957
135.07428
135.364166
135.273514
134.744156
134.676956
135.020294
135.039322
135.378754
135.326614
135.092682
135.155685
135.153748
135.57608
135.846817
135.08667
135.011383
136.001358
135.7005
134.679901
134.511002
134.690231
NaN

spatula_right_very close to_5.txt
97.6478195
97.4374619
91.5820389
92.2577972
93.6740341
93.3532486
92.1784439
92.676239
93.6597672
93.5520325
93.42733
94.0357132
93.8273468
93.2165985
93.9158707
94.2189026
92.6730881
91.8851852
93.3433685
94.071373
92.8158112
91.2202301
91.4644089
94.1881256
95.4795456
94.2313766
92.7252045
91.4865799
92.7219543
95.1385422
93.7531509
90.8565445
91.521431
92.9053574
92.5779114
93.2794571
95.3154449
96.9265137
94.3292923
90.8585205
91.8731232
94.0732498
94.271492
92.6961136
91.045845
91.3967743
94.4304504
94.4947128
91.8948593
92.5853195
95.0643463
94.2522507
91.1105423
92.1714935
93.8015823
93.6186829
96.1121521
95.3733902
91.4376526
91.7535324
94.4506607
92.8709869
89.859787
91.8002396
94.9801254
95.0138702
93.4894485
92.3677826
94.7144089
97.3779144
95.3821793
90.7030563
87.5479355
90.2501373
94.2098846
93.9521637
92.7293396
94.2152557
95.3193283
93.0445023
93.2683105
96.7305298
96.1948624
93.2303696
91.1022263
89.683403
92.1636505
94.949646
94.0273209
93.4034729
93.512825
95.6333923
96.6337967
93.5084839
92.2278137
92.3696594
91.6762161
96.2489395
92.853302
90.3744049
95.4244766
94.2007599
94.1699677
92.9116898
90.4123306
90.7347565
92.2749023
92.7227325
92.6661835
92.0762177
94.0699234
96.162468
94.8818893
93.2766647
91.1925049
90.5139236
92.3527527
93.2557526
92.0355072
92.4829712
94.2471313
93.437851
92.5365448
94.1352844
96.8235397
96.2606812
92.4497528
90.6636963
91.608345
92.402771
92.5061646
92.907486
93.2961426
93.8763199
95.3498688
94.3120728
92.2811737
93.0654144
93.3047867
91.8949738
91.1156616
93.3972626
92.8715973
92.538887
95.1383362
94.4061279
93.1628189
93.9323196
94.3003464
92.4831772
92.3260803
93.1468735
92.8967896
93.6357498
94.0328445
94.0804291
94.4586639
93.6456299
92.3655701
90.5269928
NaN

