spoon_left_distanced from_1.txt
94.8978271
94.936615
122.050919
121.179085
154.248917
131.303314
171.805664
127.444023
158.8992
172.075974
125.213364
147.296127
126.25135
132.760315
118.802048
170.032516
122.115654
170.730667
122.454636
118.459633
160.246689
165.978317
155.087555
150.408096
156.745728
150.91626
160.080704
151.788589
160.133591
156.919449
116.339745
160.280304
163.552612
114.20372
111.314949
121.92086
142.496002
157.980011
148.976974
157.795578
137.560272
103.840919
156.087051
104.795242
106.96682
152.077377
152.591125
102.009972
148.060272
131.687698
135.632294
150.552444
101.980614
98.7817078
98.2258911
97.9863815
101.292435
94.1361542
145.722794
133.193115
91.8199692
91.5899963
136.132202
138.927475
86.3297577
96.3871536
137.47287
117.590164
83.2333679
98.7678986
113.321205
112.560341
79.0352859
81.4936371
88.467598
133.097214
83.6708603
86.2285995
122.195198
99.1260986
82.2186737
123.300842
79.5118713
126.953781
87.0314636
82.4090881
122.355057
133.810562
137.08432
86.1399689
134.274078
100.488785
112.141785
85.5163651
125.061531
88.4287491
80.3392639
85.2904739
97.2654877
129.320557
81.1307678
77.7040024
125.027557
127.833153
91.5514908
129.092789
132.783569
103.073326
86.5210648
136.216797
129.957321
122.15564
113.075752
94.1271896
81.5181351
99.1444626
123.743439
104.056305
123.132629
93.7977219
80.8876266
79.8019714
79.6814423
172.528824
171.394852
108.910561
79.8383789
81.1675034
100.911407
110.778732
141.968262
165.953827
76.0691452
105.665298
125.220497
161.057068
135.159576
156.842896
123.178978
100.156425
73.4728165
81.9822922
70.6204834
140.437561
74.5221939
78.4872971
150.404587
149.543152
63.6727676
139.393951
74.683075
58.5899239
146.456207
135.889282
67.9404602
81.8297653
61.6069679
53.3301201
141.660751
71.5448532
60.9738731
133.794388
138.24971
60.8002052
102.768211
102.975533
66.8113403
44.3544617
64.8983002
60.1127968
82.5760574
104.725296
51.1995087
36.0436859
121.522552
119.561371
71.1786652
51.6689873
69.2711563
115.68502
106.442833
76.2470627
115.348183
56.6398392
97.4929428
87.6575775
43.355896
25.7743893
23.7807312
107.81279
26.7222137
80.1330185
17.5970955
105.100426
36.7949066
51.0668221
49.8466263
16.0397243
40.077507
103.765678
90.9367523
97.3390045
15.7837629
61.2746849
76.3331985
101.321953
89.7015152
94.6088181
24.2695065
68.0580521
14.2645922
103.033379
23.8091049
12.6098013
99.0392151
44.4785728
45.8877182
82.9251022
11.6414785
58.885685
47.9533386
93.9212494
102.281319
22.6384239
57.4149666
97.2225494
32.1134453
88.9461365
20.4564228
26.9257412
102.664894
50.8718796
105.118332
97.2902985
15.8370724
79.9127274
105.11776
17.2873421
91.5068817
24.4771042
16.8756199
31.3363895
54.1781197
19.0268707
38.2838287
60.9934616
72.6496048
99.1268997
103.137962
22.7215462
101.547096
13.7229443
98.6516342
44.6626625
10.8444595
83.1433105
89.694603
29.7181664
89.4108963
95.7114182
99.3980179
96.9428406
71.4745483
97.7243576
48.0151062
57.9991188
103.382896
90.005661
29.2068958
66.9463959
26.9589672
102.964531
17.1191063
62.4777985
56.0915642
88.0815582
95.1082306
37.5881119
50.3717194
18.4873371
16.3673916
79.9174194
37.4111938
35.0828285
64.3611679
16.7371922
23.9812145
64.8806458
97.9356308
48.6624794
79.1240921
101.591698
28.6304073
104.627029
32.9519463
76.549324
78.7442322
78.8195496
0.897220731
1.64734507
1.36487043
0.651920974
1.85202909
0.753294528
1.6380527
2.04927707
2.51637292
1.56785405
2.26839876
1.42037547
1.12535346
1.99704003
0.352215111
7.25731182
0.92535007
7.64192915
2.18525314
1.55343378
1.82788455
0.227281943
0.966718435
1.73776257
2.97525907
2.12338519
1.60437465
0.846959949
1.97129619
2.24149179
0.81613338
0.709967375
0.519264638
0.364768952
0.268340975
0.813972652
1.03703153
1.10358095
1.07283163
0.74414742
0.216704816
0.459275424
0.403967679
0.407824278
0.295413703
0.953060091
1.51387799
1.82895482
1.40039551
0.272680998
1.76713264
1.25132632
1.23336983
1.50193834
0.907628834
0.344917446
0.251009971
0.190774083
0.464781046
0.463093996
0.782347023
1.31045008
1.09575129
0.771770716
0.917705715
1.50311053
0.158258781
0.98357445
0.97638613
1.03135526
1.30955374
1.61373961
1.25663209
3.05415535
2.46362758
1.90731502
1.4100045
0.761561513
2.2320416
2.86033368
1.65682137
0.800886035
0.448933929
1.0091064
1.07974041
1.13900757
1.24238062
1.20917511
1.09181535
1.17253101
1.28206897
1.96622646
1.4719317
1.07246673
1.20642066
1.00949407
2.11886382
1.68400156
1.00735962
0.989722729
1.20056725
1.03929341
0.839767337
0.602634072
0.318981081
0.217605874
0.269795418
1.06844497
0.608450532
0.552846909
0.752774835
0.751734376
1.10941696
1.51568651
0.39366439
0.85660845
0.553200722
0.606195211
0.884701967
2.8512857
2.7440238
0.832747579
1.81908393
1.35609639
2.43622446
2.47425056
2.94117928
1.6703496
2.58111262
3.71283102
2.61014557
2.31967473
1.04623675
1.10499859
0.342069179
2.30469203
3.11715484
1.37344599
0.835796714
0.575052977
0.873348951
0.571982324
1.06716216
1.08118927
1.25226426
1.6014446
0.577768743
0.0656106025
0.515862107
0.53155458
1.09396398
0.849267185
0.618339658
0.549296141
0.239848316
0.632110178
0.939411402
1.42189014
1.70731473
1.94822764
0.766172469
1.26423955
1.17868984
1.15589082
1.82069683
1.61337566
1.46873748
1.28283191
1.13677204
0.50937295
0.20747906
0.137056112
0.263929576
NaN

spoon_left_distanced from_2.txt
86.8996506
86.0812759
33.20755
34.038475
34.8951607
34.5800476
33.7239304
33.7653618
34.6072922
35.2058792
35.1159706
34.3698044
34.0120354
33.8383179
33.5101242
33.6316681
34.186779
34.6017303
34.2438469
32.2548065
30.2819557
28.8108406
32.311882
38.9232674
39.6104164
37.0246277
35.9261894
33.111248
31.1908283
29.5407696
30.055685
32.9529991
34.4872169
35.9580574
36.0908165
34.9392128
34.2035141
33.3696289
33.4170074
34.3360825
35.2873993
34.8258171
33.1551056
32.5092316
32.665184
33.0477943
33.1077652
33.0652962
33.4329605
33.7380219
34.5136185
34.8174248
34.5920105
34.2954407
33.9789886
33.7081947
32.76371
32.5227013
33.2440681
33.715416
34.2823524
34.5820389
34.4117012
34.0122528
33.6337967
33.796463
34.0407906
34.1423607
34.2560425
34.1134109
33.7687225
33.138176
31.5099754
30.775425
31.0105476
31.6574497
32.9455109
34.1503563
36.5299072
37.1994667
36.4796295
36.6705856
35.3580132
33.1482201
32.9532318
34.7116432
34.5038795
32.6636047
32.090683
31.2697372
30.894516
31.5449657
33.1460342
35.0778427
35.7408981
36.4721451
36.2760124
35.0695343
34.122818
33.0244675
32.9088936
33.3503571
33.6353874
34.0748901
34.3925934
34.947216
35.2063179
34.6687241
33.9450531
34.0709496
34.4136734
34.3011475
34.2982292
33.8998756
33.3370094
32.5626335
32.4643097
32.952076
33.2707176
33.6635895
34.1417236
34.6267281
34.6978951
34.4424133
34.140358
34.2007332
34.3276596
34.1350288
33.1810951
32.5870132
32.6292648
32.8395882
33.0308456
33.1095085
33.4830589
33.6256065
33.6332893
33.7826958
34.6268654
35.1733971
34.9412384
34.4809494
33.3976021
32.3410263
33.1266556
32.886673
30.7005062
31.5589066
36.9797287
40.6978035
42.1806259
41.5068359
36.6943321
33.6210594
33.8893242
34.1264915
33.4564705
32.4697685
32.3944817
32.650856
32.3230934
32.6949387
34.5326233
35.2110481
33.6950645
28.897543
25.2686825
23.2224007
24.190443
30.4563465
34.6730728
36.4273338
35.4635353
30.6694794
26.4211197
NaN

spoon_left_distanced from_3.txt
98.9799194
99.2153549
178.961273
179.325943
179.817612
179.673737
179.706589
179.522751
179.381027
179.47998
179.653946
179.282364
178.285034
177.389694
176.733917
176.113449
175.592514
175.910934
175.637985
175.295227
174.111206
172.863708
170.797165
168.852264
169.849899
173.584274
176.710434
169.881592
166.067703
176.683472
166.587448
161.176254
174.495987
164.950928
168.676041
170.147827
167.743561
173.87175
171.673523
173.480316
170.286255
170.719864
172.85199
175.64917
175.853485
177.254623
178.281601
177.453781
175.509918
176.495361
175.471603
174.661606
177.603638
176.651169
178.402222
177.183456
165.134827
163.185364
170.883667
176.029419
178.083054
177.281342
175.462494
173.756317
171.56546
171.176941
174.058594
175.924454
177.245941
178.253815
177.381332
174.828506
174.589661
177.660248
176.393372
174.56012
176.6306
177.383484
177.372208
179.153732
177.30928
177.644745
175.249557
174.533447
179.608337
174.892014
175.500122
177.823456
178.945938
177.576096
176.889633
174.892136
172.825836
172.411774
173.53949
175.593536
176.46637
177.210693
176.505417
170.777496
165.251282
165.471451
173.24115
177.750061
176.560837
177.660248
176.45636
175.494324
176.024918
175.499756
176.262466
178.234421
177.786102
176.165298
175.500412
174.080231
173.253052
170.232208
170.770157
171.453644
172.993942
171.480103
169.794418
171.225845
163.324722
173.779678
162.844269
NaN

spoon_left_distanced from_4.txt
148.534317
148.656784
89.9309692
89.9776611
90.9146194
87.0526276
48.2760277
37.16325
140.130219
47.6761818
42.4453545
35.4937057
34.2076263
142.531235
33.4169807
63.991642
31.791687
30.4478149
121.74173
27.2052345
105.631027
131.994171
39.4494057
57.1644897
92.6764603
33.8398056
112.70874
18.7693081
110.730286
45.7276268
39.4589195
72.8812103
13.5676718
107.795067
49.5748405
39.6383858
89.7681198
170.082657
127.834969
30.983511
38.8366966
164.344986
14.1916037
20.6615963
94.5808182
116.817085
163.240479
55.2098694
149.876556
107.600777
152.077774
46.3830414
50.4838219
37.3888359
93.3543549
45.4296379
116.159241
50.8400383
68.2351685
138.840057
37.8034325
144.943939
89.3153763
43.8521652
56.2737274
41.3327827
92.4826965
145.593658
145.134674
100.837158
141.998291
54.7435913
48.2995415
102.389107
122.265511
61.5419579
35.4685173
64.0248337
54.5795555
68.7751083
95.8949432
134.262115
143.555511
70.4759445
145.719452
38.3013382
42.3098564
115.199326
34.4049492
37.5076485
112.611389
132.553925
61.9620781
94.8538208
69.7395782
41.2513618
132.867462
57.2393112
42.3742561
53.0049896
57.0839386
144.102158
61.4306793
55.9294205
37.0223846
35.3667488
85.6514435
131.978592
104.291847
142.434082
41.5499725
115.753242
92.7477341
77.4928589
125.971779
114.267899
37.5583305
141.95932
82.5030365
119.887856
141.996872
103.893028
55.3878479
67.1988754
76.0908279
139.725677
139.052689
72.9605713
92.1510315
56.1270905
41.6989632
91.400177
84.837265
123.973412
98.8763504
145.563843
35.4914894
84.5780792
61.7177124
42.4732132
43.7902985
133.331482
44.6580505
110.297775
33.270771
58.2333527
66.7376251
66.2259216
125.93335
146.562683
137.133804
142.272247
146.425552
34.2134819
59.4744797
146.018723
116.298523
67.3161697
114.393539
96.5812607
105.590988
105.616386
148.711487
149.293076
150.30159
151.257782
152.121994
153.285477
153.955429
154.048218
154.127136
153.540085
153.218903
152.726181
152.499176
151.978043
151.830826
151.452377
151.576614
151.441833
151.579651
151.82663
152.000992
152.315933
152.325821
152.205536
152.128204
151.861282
151.657898
151.320511
150.827728
150.315247
149.81073
149.792877
149.290665
149.286194
149.644058
150.217224
151.492584
154.119995
156.672058
158.216278
159.157074
160.424377
162.539276
163.570923
164.703064
166.756332
169.266495
170.877518
171.827621
171.583282
171.304062
170.745804
170.240234
168.587234
167.418716
168.429718
168.375427
169.765884
169.329498
171.511246
171.620773
168.284882
163.3172
161.834579
159.572311
155.925629
151.641373
149.58194
147.333206
143.575119
143.301834
143.810577
144.186157
144.138977
144.059357
146.134537
147.246994
148.742172
150.227386
152.776184
153.954407
156.995148
158.522812
159.964539
161.813705
166.94696
169.329605
171.388702
173.526428
173.371674
172.189331
169.722656
167.13562
162.088318
160.344681
157.958359
155.088501
151.879105
150.438049
147.584854
146.561569
146.251648
145.312042
145.05159
146.435699
146.184082
145.206573
144.893234
146.803406
149.197403
150.761597
151.611206
155.922211
158.818451
159.703903
162.082474
168.150101
170.911865
171.285782
172.714096
176.916748
177.819763
177.331055
176.596939
174.960785
174.292953
173.578049
172.056427
170.612991
169.828003
170.539368
170.522659
172.223068
172.833878
174.220947
174.836273
175.854843
173.75647
172.103226
168.337494
163.326065
157.107346
155.510544
154.457169
154.519836
155.880707
157.459595
159.104736
159.69194
160.692062
161.414261
161.184769
161.073898
160.468353
159.717377
158.518112
157.799011
155.577148
NaN

spoon_left_very close to_1.txt
146.887161
146.695618
92.6380692
93.0836334
119.717453
89.1573181
122.689774
91.8974609
142.802414
142.286285
113.809776
144.517273
115.218178
86.7675095
56.4840927
121.957413
97.1178055
95.93396
55.4558029
101.753868
130.043625
109.62159
90.2633286
59.4634514
79.6224976
60.5683022
80.9798889
102.05732
143.01828
140.988495
141.562027
51.1354141
51.9941139
101.306931
144.347702
77.1894073
148.701904
146.308716
144.911728
129.203156
61.2448463
128.115784
99.965889
153.780151
104.362846
105.264694
54.2550392
25.6576385
24.838871
19.9238453
104.753235
32.8165359
53.0975609
134.094757
39.4749336
79.1380768
44.8845711
91.1459885
128.751099
119.541847
60.8396835
119.878029
84.6577225
129.432022
56.5501633
123.48101
65.1249771
114.050064
80.9973068
114.247513
117.672478
76.328064
111.254135
63.4364967
96.1051407
62.3951454
63.2341385
71.3268661
65.7372131
84.2868118
80.0768204
88.8760986
80.2072601
77.9577179
74.3764114
79.8467789
70.5986328
95.1597824
82.6806641
95.5487747
96.4722061
90.4478149
72.2154312
93.3848648
102.685654
72.1711197
109.237427
76.1541672
73.145546
102.671463
105.946007
109.875847
81.0459366
77.4080963
110.694527
99.206131
74.1626892
96.5046082
87.1884689
108.716721
73.154007
74.7751846
72.2583466
75.6582642
74.3857117
71.071579
104.390724
68.7392731
107.934273
107.569611
69.1113968
97.9410095
76.8964233
71.3664246
72.0415115
101.890457
108.801857
107.15831
103.0755
72.1299744
72.3715286
97.1743927
109.61689
92.8237381
96.5182953
108.109192
90.3794174
106.146431
103.199554
102.19912
71.6784821
70.9660263
72.7256393
103.152458
89.3861694
109.360558
107.940216
69.3680801
108.634819
109.194885
88.5767822
100.708641
71.7407455
74.615921
99.3187485
78.2388
82.3186264
92.4389191
106.946274
91.4726791
NaN

spoon_left_very close to_5.txt
146.190826
147.170639
110.724625
107.99855
107.425461
108.769073
110.982162
110.527542
108.717148
107.170052
106.989227
108.908882
108.523903
106.88707
110.96595
107.61438
110.398056
108.701447
108.37851
109.510849
106.500725
106.150139
109.664825
107.742226
108.741814
110.515213
111.042702
108.45388
111.133705
111.313637
109.077026
107.437843
108.107193
112.403069
105.289299
109.554893
109.49485
109.004486
107.148529
109.451584
110.463554
109.375015
107.385109
109.637489
106.112617
107.953453
103.950233
116.086555
108.006119
112.031288
103.516357
110.473076
116.508812
103.33007
123.572838
100.250885
99.1403122
101.150688
125.878273
130.29184
103.08342
106.592079
106.152542
101.523247
116.746788
105.18042
119.537399
81.4741211
149.097122
153.197754
107.000557
99.4697571
88.2375336
120.815704
91.5198135
115.010757
124.602951
106.713837
88.1444244
116.855072
135.136459
60.4046974
140.401199
145.329025
146.057175
116.913841
151.560104
71.1174622
123.311951
137.290817
107.551208
98.8178864
105.46434
130.303772
131.314621
107.112442
126.719131
131.411041
123.774803
113.279266
112.618309
153.876831
61.381218
141.898575
91.4830322
104.534065
104.391708
127.059334
105.59008
131.410156
128.946167
98.0780029
116.918182
110.182091
91.4848633
105.498589
123.029778
105.849945
106.953423
105.410172
103.328835
101.602928
102.434792
118.750244
96.230278
102.714577
100.540314
107.337868
99.7876129
107.476807
107.538834
116.591194
120.955086
108.038284
117.790367
104.945534
113.693916
120.876076
102.36097
97.5151596
109.746613
91.0464706
139.77562
102.163597
120.699211
97.7115936
121.566208
117.699692
91.0370941
101.661171
118.902802
100.465858
115.310509
110.337593
100.728683
92.2391586
63.1089592
140.192871
105.298897
140.979095
NaN

spoon_right_distanced from_1.txt
157.836853
158.078995
46.3801079
46.0117455
43.0179253
42.453495
44.6547966
46.4813499
45.8157539
43.7869263
44.1383095
46.039257
47.1456108
46.3919258
43.7430725
43.2673721
46.0240707
47.1557961
45.1503906
43.5666351
43.5187416
44.8169708
45.8619499
45.6454926
44.3482246
42.7691956
44.3709602
47.5808716
47.185257
44.3339081
43.2927895
44.2540398
46.4710617
46.3047333
43.0559883
42.0043602
44.7236748
48.0409164
47.443737
43.2597237
42.9389305
45.8210487
45.1194305
41.5530014
42.4591408
47.4276695
47.4647713
43.1384277
43.1977272
47.6302071
48.8064537
44.9256096
42.33741
44.6785278
48.0726357
48.0120201
43.4302788
41.0087929
44.6555328
47.8642807
45.4953423
41.28088
40.5345955
44.0259018
46.3738365
43.9559021
43.4246635
46.9221992
49.4230652
46.6919327
42.0278397
44.0496292
50.002491
49.6261063
43.0915337
40.4622154
43.9954491
48.0267639
47.7732887
42.3974991
38.5027771
41.9242058
47.6119957
43.2677689
39.4879074
47.5469704
52.088562
47.7462349
43.16856
47.0330467
49.7767982
42.5906143
37.5645523
40.9489594
48.0450897
50.6957283
43.5615273
40.6010475
45.8043709
50.3065834
49.7643204
43.5609207
39.5503883
44.0195656
49.7769394
48.3995209
42.3893852
41.3334656
44.0848007
45.8411598
48.1117249
47.0564995
41.279068
39.7248421
45.9922142
50.6829185
46.8249397
39.6707764
39.2998962
44.250473
49.1988411
46.5386391
39.0463219
41.7423782
50.9837723
52.253376
44.4177818
40.1559525
44.7733231
46.4982834
39.2592773
37.018425
45.7669792
50.1193733
45.4587975
42.6680222
47.6027031
51.1418076
47.7916145
42.1451721
41.5172157
46.0028267
49.6168442
47.0311966
40.1333618
39.8920975
45.9534225
47.825058
43.2448463
40.150795
42.7775002
46.4429283
46.0054626
43.3630486
45.6330109
49.2361832
48.6372185
44.3863449
42.0664558
45.7643852
NaN

spoon_right_distanced from_3.txt
156.025848
156.268982
90.1206894
89.880455
89.7434235
89.7792435
90.1816025
90.1997986
89.2955017
88.8982544
89.2031631
89.0898209
89.2476501
89.9710693
90.4592896
90.9671631
91.1540298
91.5200195
91.3743057
90.2819901
89.9733963
89.9931183
89.9109421
89.7857513
89.9129105
89.7880325
89.1606522
88.5635757
88.5550461
88.6660614
88.8688889
89.9707489
90.6676483
90.7549667
90.5972595
91.1651993
91.9121094
91.4282684
90.4665833
90.1154709
90.5383148
90.7066727
90.6673965
90.6099396
90.3611603
90.1462479
89.9395752
88.9052734
88.4110718
89.236702
89.5543976
89.1950378
89.4742432
90.405365
91.1075974
90.5982895
90.346283
90.8722076
90.4616165
90.0404282
90.0392456
90.4249191
91.8024673
92.5572433
91.8158035
90.6824722
88.7183304
88.2989807
89.8916931
91.1311111
91.7964783
92.0806885
91.6094818
90.7963181
90.6165695
90.4557037
89.0991974
89.1547852
90.4496994
90.3142776
88.526268
87.7685089
88.8628845
89.7264023
90.5808716
90.8116455
90.7448196
90.5923615
90.1629868
90.2668076
90.2029266
88.7880173
87.7651978
87.5690384
88.2436447
88.5818253
88.7120514
88.2198715
88.6714325
89.7533264
89.9385757
90.3907242
92.0292435
92.722084
91.5078659
90.5976486
88.8674774
86.2718811
86.6569366
88.3483429
89.1438293
88.6291199
88.0671997
89.1181946
89.8887634
91.8199844
92.1167755
91.4861069
91.3935089
91.1348267
90.7342377
89.4583664
88.3790817
88.0224228
88.7007294
89.4814987
90.2147675
91.4344482
92.1609879
91.9117203
90.104187
89.1326141
89.7053757
89.8782196
90.7539139
90.7022476
88.8915024
88.0639496
88.2664337
87.0273361
86.0145798
88.2525787
91.341568
92.8915405
94.0408554
93.3888397
92.5242081
92.873085
93.4091721
92.993103
91.3729553
89.9347382
88.7386017
88.4648209
88.2540283
88.1699982
88.9127808
89.5365372
90.0922623
90.6831589
91.3154602
91.3666534
90.8117065
90.5983505
90.0190125
89.1104431
88.5992279
89.1915359
89.3714828
88.5835571
87.7783051
87.9450378
90.1328506
91.424263
90.3731461
NaN

spoon_right_distanced from_4.txt
161.991409
161.764236
78.338829
77.8287125
76.6041718
74.199028
71.747879
69.2957306
67.4166565
65.9981537
64.4028244
62.6568222
60.3668327
58.2032051
55.6795006
53.195488
51.0389328
49.1340446
48.1511536
46.8052063
45.0892944
44.0710793
42.5521164
42.1225853
42.9721146
43.6918526
45.1755524
46.7905121
48.8226852
50.1126213
50.8918953
51.6678391
52.2542419
52.9759674
53.6872559
54.5407219
55.186779
54.1497154
54.2208443
54.3433609
54.2327538
54.3778267
55.1169586
55.4678993
55.919632
56.0623398
55.7783585
55.2248573
54.1114197
53.5677071
53.0658531
53.2595978
54.6309013
55.4505386
56.4848289
57.7786598
58.6549072
58.3610573
57.4962654
56.5487175
55.2275009
54.8192291
55.4379501
56.6568336
56.2820282
54.1848373
53.8389282
55.0482788
55.7780952
56.7197609
56.8060188
56.4337769
56.1142311
54.8804054
54.276844
54.09198
53.7238617
53.3465042
53.8882103
54.7725525
55.2922554
55.6117859
55.5560417
54.8914146
54.3313446
53.9843597
53.806778
53.9190941
54.2523956
54.5687943
54.376091
53.8005371
53.0894737
52.5157585
52.0162392
52.1198235
52.5447159
52.4928169
52.7665787
52.9030037
52.7090645
52.7938538
53.022747
52.9657249
52.4538956
52.3974266
52.6923409
52.5960846
52.6477203
52.9175453
52.9677811
53.112133
53.5132675
53.5028229
53.7985992
53.9583282
53.99823
53.8862457
53.501709
53.0760536
53.0111656
53.858551
54.9090462
55.0263557
53.5903053
52.1656303
51.731369
52.1729393
53.7350311
54.9016457
57.2505035
57.8918457
55.6282539
52.0487213
49.247757
47.7520561
NaN

spoon_right_very close to_4.txt
140.091263
140.20311
60.0161018
60.0675392
58.6020203
60.7422256
59.1683044
58.8324852
61.6017303
60.200634
58.4792824
61.0103722
61.0515938
58.9889107
59.8927155
60.4275322
59.3226128
60.5651131
59.2707481
59.2125435
59.2097626
61.1234741
61.7064171
60.9438744
60.6640053
58.8983192
61.1845093
58.3163338
61.0255432
56.8594093
58.8177872
61.2729301
58.6005783
62.9979286
61.8095856
56.1869164
61.0353851
62.442955
59.2747383
62.8561554
60.226902
59.4273338
60.5012016
59.6975555
60.1253853
60.0324135
61.3817978
58.8235092
58.011673
60.3392105
58.9347534
60.9082451
59.289566
60.3386078
59.8671608
60.7840614
61.0712547
60.3181305
61.3039818
60.986454
60.4319382
61.9645576
60.1465378
63.138958
57.3414726
58.669548
63.1132507
60.8235931
59.3690834
59.8224106
62.1486168
62.9488564
62.8428993
61.4178391
60.7168427
60.115284
59.2728958
59.2708931
60.5542641
58.9983215
60.1907883
59.954689
60.5140648
59.0930367
58.9103966
57.5115509
56.4238701
58.1154251
63.0207558
62.7717819
59.6102638
61.4673996
58.8377647
62.1013527
57.6252632
61.7496796
63.2215157
63.4820938
59.7964783
65.3582916
63.0904236
52.6946144
54.4643555
63.8040886
64.8498306
55.2926636
54.9885788
62.2364655
63.6318855
58.9755554
57.7478104
61.1380348
62.1832161
56.5606194
60.0878029
58.1809921
62.2927589
60.7766304
58.2817459
61.2142067
60.4874649
58.0033417
62.8194237
59.5033264
58.0350876
57.7775421
61.0678406
61.8994713
61.0660667
56.9616547
62.4890137
58.7016792
61.0596504
61.1159477
60.4422989
57.2562256
55.5547447
56.9451065
55.9219284
63.475811
57.7954445
61.8600006
59.3061295
59.2917328
57.8683128
58.9145546
62.6868629
58.9357986
60.8887825
61.5969887
59.6943588
60.3383217
61.7504082
59.8663979
57.1571579
64.6279068
63.0870361
60.9119415
60.0026741
63.1335487
NaN

spoon_right_very close to_5.txt
154.622208
154.699173
107.246887
107.474892
107.712852
107.505318
106.97197
106.85302
106.692955
106.769165
107.106293
107.322731
107.783989
107.796249
107.970886
108.323914
108.490593
108.294037
107.660934
107.332489
107.389809
107.664658
107.841827
108.061302
108.634033
109.182526
108.782166
107.394104
106.314003
106.770409
107.335297
107.544655
107.327187
106.761162
106.40995
106.444962
107.056564
107.371727
107.736946
108.373703
107.790627
106.623756
106.687279
106.829376
105.87133
104.900146
106.575394
109.095863
110.545197
112.408676
111.001091
109.231644
111.832657
108.36721
104.026657
102.894295
106.696457
110.892265
109.796082
107.911308
106.767746
107.940239
111.376976
113.442352
109.660461
107.757133
108.833229
112.1073
108.751579
107.635796
106.744125
105.715179
104.930527
105.068893
106.399765
111.198975
108.701904
107.988838
106.596931
109.424034
109.525475
107.418587
103.490242
100.985016
102.930901
106.562813
107.746895
105.10685
104.554237
107.966835
108.353798
107.267136
109.813515
110.423065
110.714691
110.735023
107.877884
105.439522
104.133133
104.42186
104.514519
104.999313
108.258728
109.552895
110.006477
111.373131
112.319656
111.685013
109.339874
108.441231
108.263245
108.097466
109.131096
104.742981
97.3119965
92.8818207
93.9449005
96.4483643
98.1044846
99.933815
101.885338
106.220505
108.856049
111.267494
110.602074
108.408752
107.594231
106.520782
105.483109
104.700249
105.709511
106.772789
107.461632
109.565742
110.034897
109.243095
109.92514
110.931152
109.603386
107.606377
106.716751
109.793945
119.357437
125.602669
122.100357
NaN

