banana_left_distanced from_1.txt
90
90
31.6125679
31.1959782
32.0599747
32.8014526
32.3409538
32.0115585
32.1503754
32.5444908
33.3164787
33.3884964
32.9069519
32.9755707
34.0272942
35.4161148
36.0033226
36.24049
37.2337685
38.7082176
39.5825653
40.1026726
41.8040581
43.1184464
44.2374649
46.5328789
47.7759933
48.511631
49.8543968
51.3817291
52.3537483
52.2454758
53.2700615
55.4459686
57.5727425
59.6351738
61.6118774
63.7821426
65.9040298
68.1683044
70.0745544
70.8733826
73.2021942
73.484642
75.1738434
75.8236771
72.0228348
71.2319412
71.2185516
72.4895325
73.0862198
73.3605042
72.8788223
72.1218567
71.4881287
70.5605087
70.76931
71.3032608
71.4807816
72.043457
72.0128632
71.7517014
71.6370773
71.4348068
71.2064209
70.6806183
72.2366714
71.0299835
71.2179337
71.6784134
72.0549545
72.2313995
72.5472488
72.6029358
71.6781616
71.4165649
70.7898483
70.3858185
70.7461853
71.7228546
72.6040421
73.334938
73.5661163
73.0933685
71.8508987
71.5369797
71.9327164
72.2847366
71.9369202
71.3980484
70.7183456
70.7367706
71.8028564
72.8290482
73.2206192
73.1199341
72.8873367
72.4600906
71.7176895
71.5345612
70.4940643
70.25914
71.8082504
72.6763458
73.8058548
74.3301315
74.6804962
74.9387894
73.9912033
72.9079285
77.070137
73.1324844
74.2212143
75.342186
75.104744
74.7538223
74.233551
72.8925247
71.9010162
70.2867126
70.3703842
71.1946564
71.3690872
72.2248459
72.8554001
73.2647934
73.4246826
73.2651901
72.3031616
71.1713181
71.0330353
71.5099106
71.8591537
71.9669724
71.46315
71.0553513
71.4562149
72.897438
73.4281464
73.3321381
72.8165207
72.0139313
71.0291977
70.5341873
70.9212646
NaN

banana_left_very close to_4.txt
90
90
27.3797588
28.4666767
29.0803642
29.7556038
29.9827576
30.3697605
30.4603424
30.7954617
30.8584328
31.4224567
31.9093666
32.8585052
33.6340866
34.6519203
35.653347
36.8889694
37.9559059
39.3094826
40.4553833
41.9156685
43.2402763
44.8058281
46.2074127
47.9873695
49.7239113
51.8150444
53.790329
56.1334686
58.4468384
60.9556465
63.2722168
65.9917831
68.7984161
72.0700912
75.1865921
78.5097275
81.6416473
84.7270966
87.9475632
90.9266739
95.8306198
93.0017548
96.0028915
92.467186
82.7393265
82.7502594
82.8100281
82.8245239
82.9009705
82.9189987
83.0120621
83.0336151
83.1431961
83.1682587
83.2942581
83.3227921
83.4650955
83.4970856
83.6555405
83.6909561
83.8654404
83.9042358
84.0945892
84.1367416
84.3427582
84.3882294
84.6097336
84.6584778
84.8952942
84.947258
85.1991501
85.2543106
85.5210571
85.5793457
85.8607254
85.9221039
86.217865
86.28228
86.5921555
86.6595459
86.9832993
87.053627
87.390976
87.4641571
87.814827
87.890831
88.2545319
88.3332672
88.7097321
88.7911453
89.1800613
89.2640991
89.6651611
89.7517471
90.1646576
90.2537308
90.6781693
90.7696762
91.2053299
91.2991714
91.7457352
91.8418655
92.2990036
92.3973541
92.8647385
92.9652328
93.4425507
93.5451126
94.0320053
94.1365891
94.6327438
94.7392578
95.2443314
95.3527222
95.8663788
95.9765472
96.4984589
96.6103439
97.1401749
97.2537003
97.7910919
97.9061966
98.4508057
98.5674057
99.1188965
99.2369385
99.7949524
99.9143372
100.478539
100.599197
101.169243
101.291107
101.866631
101.989624
102.57029
102.694336
103.279778
103.4048
103.994667
104.12059
104.714516
104.841278
105.438896
NaN

