mug_left_distanced from_5.txt
106.549248
106.774986
141.831268
142.796646
143.573624
144.05835
144.396439
144.510468
144.703918
144.851349
145.354462
146.191025
147.327576
148.767899
150.302994
152.033051
153.690262
155.398804
156.906693
158.450897
160.124969
161.778625
163.508133
165.267303
167.161255
169.048248
171.14064
173.471008
175.841263
177.986374
178.389664
176.47847
174.416824
172.48172
170.390686
168.161957
165.857559
163.67363
161.508255
159.461777
157.4785
155.197464
152.841049
150.65921
148.70314
146.833633
145.034744
143.64502
142.735489
141.79747
140.902679
140.033066
139.117828
138.195313
137.629181
136.116058
135.563843
136.106705
134.338562
135.101395
137.569138
141.086395
141.669403
141.815018
142.183868
142.519836
142.665146
142.794388
142.856995
142.654358
142.212814
141.788208
141.305161
140.753006
140.552551
140.580109
140.755905
141.282471
141.634796
142.160919
142.465714
142.439957
142.222961
142.030594
142.017181
141.709259
141.31192
141.066269
141.316574
141.647476
141.919846
142.313751
142.557938
142.591507
142.461456
142.489716
142.356552
141.989868
141.792572
141.380783
141.102524
140.871048
140.832291
140.953583
141.266708
141.737442
142.020187
142.354675
142.62413
142.50943
142.529495
142.701813
142.624435
142.446457
142.174072
141.934937
141.402084
141.105698
140.966827
140.887146
141.470123
141.7901
141.983826
141.597015
139.281204
139.209427
141.626648
142.59903
143.063232
143.428482
143.664505
142.516602
143.485962
143.263092
141.926178
141.717163
141.017471
141.137909
143.567261
144.83577
142.897766
139.995255
138.947983
139.951065
140.909546
141.226151
141.113861
141.238281
141.489273
141.825485
142.116577
142.493301
142.647171
142.696457
142.81337
142.770386
142.466202
142.05159
141.791458
141.343903
NaN

