powerdrill_left_distanced from_4.txt
155.409149
154.418991
108.766457
108.57666
108.417755
108.340942
108.353714
108.726807
108.921028
108.765228
108.670204
108.657417
108.759361
108.778954
108.518661
108.304916
108.279594
108.297791
108.389137
108.564552
108.621666
108.544846
108.683762
108.958679
108.939049
108.968521
108.898911
108.958313
109.157433
109.158577
108.939125
107.958389
107.384354
107.985931
108.529488
108.719955
109.358261
109.507698
108.931923
108.572853
108.076157
107.813797
106.509598
106.261108
107.92907
107.772873
106.808968
107.12532
107.921738
107.604721
108.499443
111.744057
117.052094
118.069626
118.821075
117.812325
112.354202
107.97438
106.579369
107.720459
105.826729
105.450378
106.882584
107.45137
107.476547
107.075897
107.13739
108.35173
110.455627
111.078255
108.948952
106.306328
106.021141
106.821518
107.233124
106.392807
105.96006
106.866341
108.685143
111.896545
111.805374
110.318733
110.273285
109.207886
108.634239
108.372742
108.413383
109.739159
111.371948
112.508194
112.638718
109.614342
109.304474
113.253494
114.680733
114.671936
114.740021
113.319626
111.981339
111.3909
108.939522
106.761269
106.546822
108.155495
108.871185
107.642372
106.285706
107.978065
109.871582
109.52269
109.133232
108.758293
107.929878
107.222076
107.686249
108.346375
106.916893
104.462708
98.9642029
92.3830719
85.2939377
88.4393997
100.563278
106.588997
105.431175
102.384125
104.165253
107.964081
113.173233
116.995308
121.75441
117.586998
106.706528
105.757423
109.886185
115.793808
115.165649
112.095024
114.970528
117.381187
113.539223
107.474281
106.100441
104.400009
104.662216
106.139778
106.108711
105.776192
106.305992
106.17765
105.943916
108.282562
108.25975
104.058578
103.603386
107.870346
110.380074
111.412804
112.413307
117.43837
NaN

powerdrill_left_distanced from_5.txt
152.246613
152.300766
62.482933
62.2980003
62.0655746
62.0962334
61.8686752
62.1520729
62.1504402
62.0963516
62.3583832
61.8509369
61.4269981
61.4311676
60.8725243
60.9229927
62.0548439
61.8941422
61.2297592
61.7305603
60.8355789
59.7678795
60.4853745
60.808506
60.6429214
62.4527931
65.351265
64.5431824
62.471508
62.2347641
62.7255554
63.22575
63.5895195
63.0658417
62.0732994
61.697113
61.1391335
60.6930618
60.6068459
60.0107193
60.0180016
61.229866
61.8166008
62.0442924
62.1602287
61.4431801
61.1975746
62.1815453
62.5015106
61.4473686
60.9011421
61.3767014
61.656002
60.8178749
61.3665047
62.8576431
62.2493324
63.1959152
63.9952888
63.4633522
63.662159
62.7703056
62.6248779
63.5647202
63.8803368
64.1037521
62.5860901
60.5099983
59.8059654
58.5035896
60.206459
63.1937447
63.0622139
63.7555122
63.5457535
61.5270271
62.3150063
63.0449219
60.8330879
61.3914413
62.4141388
62.0971107
65.3446426
66.6590347
64.6023712
64.684082
66.5972137
66.0829697
68.1578293
68.9091263
69.7786636
73.0111313
74.7731247
69.4332886
60.9719467
58.902092
57.9689903
56.4242554
51.253334
49.7598495
55.8285332
59.6993637
57.5845757
57.7439651
61.2081261
61.5392952
59.3322144
58.9781303
60.2407379
59.5275803
58.7714348
60.3393135
62.1597557
62.830883
64.4057388
65.0296402
63.4038963
62.3266525
62.5710144
62.3535767
61.5975304
61.4573479
62.0948753
62.7577477
62.6194077
62.2491837
62.8139648
62.7199745
61.3845291
60.4389801
61.0777168
62.1133232
62.4184914
63.9210243
64.6485138
63.6422882
63.9493217
64.9604568
64.1340408
63.0528984
65.3555145
69.6041336
68.0736618
67.2455826
71.7524185
74.9293518
75.3024139
69.5275116
65.1053009
64.6547089
61.0865402
51.9635963
45.6403427
49.6462059
55.1529846
55.7189713
56.9558487
59.258709
59.8690186
60.8557281
NaN

powerdrill_left_very close to_5.txt
154.101181
152.452194
119.174301
120.672493
120.480591
119.266769
117.465118
116.785851
116.652779
117.038582
116.984268
116.720367
116.334785
115.656509
115.704865
116.147575
115.917206
115.790627
115.901672
116.279755
116.734848
116.751717
116.338982
116.599556
116.739166
116.494286
116.559761
116.18428
115.111717
115.055206
115.219475
114.688835
115.150925
115.949074
116.245461
116.865875
117.240524
117.150986
117.102463
117.205063
116.965897
116.417526
116.276283
116.220177
115.977966
115.767853
115.700577
115.501831
115.326164
115.611946
116.357285
118.258224
118.879227
117.174667
116.222557
116.433762
116.424347
115.93737
115.607002
115.488991
116.157013
116.351372
114.896255
114.016441
115.233284
116.58947
116.940651
116.78009
116.333313
116.179497
115.993156
115.621674
115.540466
115.721275
115.737175
115.531548
115.475029
115.744209
116.148857
116.347031
116.108192
115.95713
117.000038
117.652649
116.527779
115.754715
116.673988
117.130997
116.283012
115.991753
116.181358
116.351341
116.573883
116.378952
116.044067
115.884941
115.842377
116.210274
116.714218
116.613449
116.675682
116.79673
116.505791
116.500885
116.354607
116.049561
116.367767
116.649055
115.487831
114.335495
112.098473
109.726135
112.217628
117.397758
119.056274
117.025078
115.340462
115.710823
116.314186
116.710968
116.636536
116.219498
116.012878
116.217964
116.325462
116.552437
115.727295
114.173325
115.709801
119.697128
122.493286
126.239517
127.326927
125.21125
124.155739
124.519188
124.85321
123.936691
121.005135
117.830315
117.955444
117.518211
117.078415
116.512085
115.901184
117.689598
118.350403
118.1362
118.230957
116.701103
114.623077
111.239677
107.310631
104.142929
105.392868
108.763214
113.668335
118.885101
120.875114
119.280296
NaN

powerdrill_left_very close to_6.txt
131.641113
131.449722
69.482132
68.7828369
68.00634
68.1228561
69.2903976
70.2681427
71.1152191
71.5452499
70.6269913
69.4740143
69.1768265
69.2709427
69.0278015
68.1705399
67.9967346
68.5863113
68.8010788
68.0195389
67.1032104
67.3645782
68.8404999
70.5114975
71.1821976
72.3100815
73.087265
73.7237854
73.5999146
73.0345535
72.3938065
71.0218277
69.4697571
66.2917023
65.1766663
66.2877808
68.201622
70.6431656
71.1661911
70.4664688
70.3284836
70.2891388
70.1580811
69.6106186
68.7517014
68.7272186
68.0787811
67.407753
67.5756989
68.0290604
68.4551544
68.7284164
69.2392426
69.5215149
70.1382675
70.5146027
70.6133041
70.4400253
69.3745804
68.4634094
67.8747864
67.7077789
67.3236237
67.103775
66.6623154
65.4775391
68.7049408
73.5216675
73.1346817
72.2035141
71.9564438
71.1046143
70.6677322
69.9937515
69.4339981
68.3057327
67.8942108
68.105072
68.4404373
68.8913651
68.9198303
69.1085892
69.5922623
70.5641861
71.3931351
72.4732971
72.4158249
71.6939011
71.624176
71.0678101
70.0793304
69.3038101
68.9452209
68.0258255
67.6330795
67.1225891
68.0489883
72.2702332
74.5230331
74.4259567
72.052803
67.356514
64.1562424
63.7182465
63.3576546
62.8752441
63.5792961
65.1152573
66.8984604
67.8965988
69.3720627
72.1591339
74.5640564
73.0682068
70.8983994
70.449173
71.178299
71.4955521
70.2832718
69.3683243
69.5532684
69.7053375
67.6623993
65.6621399
64.8566284
65.6477737
68.0564804
70.7967148
73.8379135
74.0219269
71.7798386
70.0912781
68.9261475
68.9703598
70.1703949
70.6451492
70.0361862
69.4493637
69.3999481
70.2616272
72.1639099
71.8221817
68.7210846
67.8887787
68.6365891
NaN

