skillet_left_distanced from_1.txt
49.1139832
48.9707222
112.038338
112.312218
111.675819
111.312073
111.686234
112.013725
111.833
111.504356
111.666519
111.496368
112.503876
112.335022
111.718826
111.592239
111.91877
111.899773
111.318474
110.840118
110.501884
110.895775
111.789787
112.122269
112.014748
111.866066
112.336067
113.245316
113.561966
113.59742
113.654762
113.58284
114.736343
116.550133
116.669182
116.814346
117.633278
118.118668
118.093742
116.851738
116.646721
118.759331
120.703377
121.493851
121.130417
120.834053
122.807365
126.408623
125.956642
124.556396
127.167671
128.664063
125.962265
122.87706
125.5634
128.597229
130.868393
135.155289
133.003418
129.592529
133.448135
138.219177
135.055374
134.106293
140.09549
141.262299
135.28006
128.990692
128.104523
131.632706
136.315857
132.929169
124.933189
126.798996
132.04689
134.213516
136.612854
137.627487
135.671921
132.663361
130.276001
133.182938
137.329407
136.711807
132.799301
131.617615
133.537018
135.434006
136.468506
134.74942
131.50444
132.547531
135.408249
135.267395
133.386627
132.75795
133.957199
135.157837
134.330658
132.298752
131.901031
133.090027
134.32312
134.177109
132.713821
133.134064
135.552017
137.038452
135.609406
131.122177
130.279022
133.615738
135.667496
134.588943
131.502167
129.603958
132.346359
136.619919
136.387817
132.161057
130.56694
131.630005
132.070526
132.797958
135.089462
137.253525
134.863235
129.85965
131.66011
135.776321
135.423462
132.95285
132.141342
134.15303
135.914825
135.423935
133.881836
133.79895
135.173935
134.908264
133.203705
134.003006
133.665115
132.522995
133.440125
133.160507
131.944382
133.048889
134.846451
134.396805
132.988632
133.24794
135.260086
136.149872
133.364288
130.697479
132.472977
135.476456
136.577728
132.843735
129.032898
132.303223
135.531387
135.787872
136.946838
137.054276
134.179611
130.26297
131.18454
135.977798
37.614769
37.2794037
110.787552
110.58194
111.811485
112.792526
112.499893
111.691521
111.201767
111.593712
111.685867
110.541931
109.734932
110.628738
111.714546
111.553345
111.680626
112.455566
112.317245
111.40152
110.773216
111.266113
112.295135
112.470375
112.001221
112.160034
112.824692
113.65554
114.335365
114.117188
114.026535
114.567749
115.264404
115.68367
116.148651
115.945984
116.665489
118.170387
118.472054
118.970215
120.073753
120.565392
119.913902
120.1595
121.531906
122.740059
123.303574
121.223427
120.986465
125.581543
128.341858
125.470261
123.372368
125.880905
130.919586
134.653992
132.687653
133.474762
139.97728
140.277817
132.136017
126.00045
131.325394
134.771957
129.851974
126.227768
132.018951
141.444427
139.889877
131.427734
129.276901
135.721359
139.397964
134.784866
127.53791
129.489563
134.614609
135.376846
133.35199
132.313293
133.787201
134.273102
132.466873
131.320831
134.03241
136.427368
136.152466
132.61879
129.419937
131.923828
135.747726
134.901978
128.925064
127.548904
134.176697
137.90242
137.074753
133.677078
135.17424
139.132767
137.410767
131.527679
129.656311
132.418793
131.373337
128.16243
133.18837
139.013428
138.515579
135.047729
130.581436
133.263748
138.520905
136.922958
131.182922
129.419266
132.535934
136.358643
135.03743
127.469704
126.618515
132.726746
134.889542
134.69487
133.161392
131.199768
132.221817
137.785461
139.368668
135.380371
131.856949
134.406052
137.717209
137.732819
135.109055
128.653732
129.034454
135.469543
135.58963
130.277542
126.9617
131.324127
136.901367
137.846069
135.324387
136.04837
137.179688
133.32814
126.302177
129.542435
134.885513
132.349808
128.363983
130.434464
137.029526
138.565018
134.852524
132.437988
135.155289
138.304031
137.450882
133.988937
130.124893
131.600266
134.971085
134.880463
132.562286
132.55307
134.336212
133.872253
131.88562
132.256851
136.001419
137.268509
134.687241
27.9172401
27.743784
143.346085
143.742493
143.733078
143.562576
143.485779
143.300034
143.335526
143.52179
143.936798
144.887939
145.439865
145.575073
145.423019
144.593979
143.828674
142.586945
142.624725
143.55423
144.570145
146.106888
148.177292
149.258087
149.217346
149.381836
149.278076
148.983643
147.988647
148.698822
150.328079
151.012894
151.215088
151.879898
152.371338
153.215546
154.78363
156.378479
158.204697
159.407867
160.268417
161.226379
162.171661
163.041977
163.61145
164.453033
166.451126
168.303192
169.130966
169.810806
171.123703
171.938385
173.408493
175.206253
177.057495
176.750504
174.091095
172.102722
170.913681
169.529816
168.289108
167.572662
166.234451
165.717743
166.179932
165.627167
163.038742
159.109573
158.894974
158.055649
160.641281
162.390167
160.091782
157.589966
156.431763
158.617386
163.265564
167.79776
169.942673
169.133636
170.060379
167.507553
164.596161
156.547775
144.474182
137.609451
143.510315
158.230911
166.71254
163.76738
161.808624
163.665787
166.13208
167.193695
166.785797
166.259735
166.817123
166.451965
164.429489
165.294708
166.826675
166.93602
166.360474
166.715714
169.553543
173.467224
172.608795
172.466766
170.214996
168.138367
166.962128
166.468597
167.992249
171.02919
172.246902
169.84549
166.448959
166.131027
165.993744
166.288559
166.436768
166.862137
167.16275
167.755493
168.311386
166.564285
165.472763
165.389252
164.925369
166.034805
165.617371
163.763626
162.683411
162.612259
163.598694
162.405258
162.217606
161.815796
162.331512
165.074554
166.897461
168.661804
168.763123
167.145142
167.592697
167.736389
167.992172
167.643997
167.351685
167.359299
167.35939
169.078461
168.887161
158.578369
154.986099
158.33847
159.633316
163.936691
165.986542
166.876328
166.747208
166.410248
167.381973
167.721909
167.249374
167.192764
167.113235
166.318161
166.689941
166.82489
166.505814
167.173813
167.934525
168.204468
167.836288
NaN

skillet_left_distanced from_2.txt
16.4445591
15.3113356
112.053505
111.896446
111.884613
110.794769
109.826004
109.07386
109.011856
109.587952
109.509674
109.648254
109.338867
109.282654
109.25338
109.140404
109.227348
109.346069
109.559059
109.645546
109.509346
109.455307
109.385963
108.975586
108.445824
108.483047
108.736214
108.835541
109.686096
110.621773
111.941353
112.606186
113.087585
113.404579
113.78553
114.096054
114.636215
115.795296
117.291153
117.262535
116.697762
117.165787
117.634399
117.319756
117.638985
117.976425
118.161179
118.024849
118.063248
118.738541
118.677338
117.939186
118.307487
118.845963
118.325035
117.555382
117.415024
116.218307
115.331856
113.728889
112.812057
112.358421
112.509804
111.846954
111.821495
114.282501
115.933311
116.543243
116.35144
115.418167
114.289574
112.701019
112.64119
110.726227
109.215973
109.629944
109.30732
109.061378
111.1474
114.447937
114.124908
115.512215
122.632835
125.21312
120.044525
118.435356
127.750671
133.202881
128.467468
120.156837
119.304581
125.874092
138.022705
136.632507
125.109016
123.349762
130.169525
132.097031
128.22937
126.683617
124.894821
122.620857
121.29438
120.070602
117.335579
117.10421
115.282082
112.749252
112.995872
113.210495
111.23893
109.570358
106.335976
104.859909
104.454063
104.101593
104.886826
105.722687
105.377083
106.975899
106.777046
105.609161
107.430702
110.608368
109.326988
109.50238
113.700272
117.040337
118.985214
124.755142
123.908569
121.386955
125.760162
127.371719
124.505836
127.788757
132.643387
137.599075
135.641357
132.269897
132.707809
134.902542
135.737457
132.187744
130.374649
130.125183
128.910294
129.091049
128.717346
129.048996
131.149857
131.179428
130.789474
131.411606
131.955536
130.841522
130.489838
131.980698
132.047485
131.317749
131.532074
132.849045
134.058594
133.367981
134.068008
135.100204
134.894592
135.472183
135.530975
135.419357
135.100662
134.414276
135.092102
134.872604
134.683228
134.68335
133.032379
133.31366
134.608063
134.414886
134.955536
136.332962
136.31723
136.573425
137.546814
135.863663
135.760651
137.145798
134.447311
133.998764
27.528656
27.8747597
142.631561
143.316849
144.114227
145.003906
145.733917
145.932449
146.29512
146.848068
147.325531
147.718277
148.269974
148.731827
149.168167
149.775757
150.264725
150.777878
151.546921
152.318161
153.193619
153.807388
154.399124
155.258087
156.19931
157.158386
158.203918
159.060196
160.092163
161.043427
161.824799
162.567947
163.242569
163.74614
164.184769
164.82991
165.639145
166.255966
167.032959
167.916641
169.001877
170.526428
172.262543
173.638382
174.914703
175.449478
175.680984
176.024826
177.368805
177.325195
175.554947
174.632507
174.465683
174.160202
173.729065
173.184113
172.809311
172.317551
172.054459
171.646805
170.984009
170.290451
169.647217
169.202408
168.490631
167.64711
167.059296
166.675415
165.828903
165.256516
164.655594
164.344177
163.377029
162.662079
161.543701
160.774734
160.061829
159.232239
158.086517
157.122543
156.264923
154.965881
153.115555
152.146301
151.787567
150.612671
149.207779
148.769333
148.260529
146.882355
146.557709
145.577469
144.516861
142.94487
142.87709
144.49086
146.516144
147.471481
148.322418
148.976837
148.517029
148.067245
148.554321
148.713226
148.591415
148.890656
150.05751
150.120026
150.227737
150.32338
150.905853
150.933426
150.674225
150.457184
150.650253
150.54155
150.619812
150.376434
150.084717
149.9776
149.740952
149.343063
148.986435
148.89772
149.029892
148.894302
148.323044
147.894409
147.580139
147.250671
146.814148
146.062073
145.775909
145.705978
145.110748
145.044357
145.349182
145.400269
145.266113
145.810349
147.661865
147.860046
147.838516
147.821854
148.210434
149.51358
150.093033
151.354828
151.551666
151.759445
151.933105
151.533752
151.753769
151.465286
151.526886
151.442429
151.278
151.211914
151.145172
151.29483
151.066071
151.067245
151.073029
151.389618
151.721649
151.555771
151.495285
151.243423
151.293457
151.346039
151.288284
150.814133
150.635605
150.268082
150.254028
150.380814
150.057175
149.864746
149.529587
149.196213
149.223267
149.336945
150.209534
150.644516
150.954559
151.042023
151.226334
151.314728
151.501129
151.624695
NaN

