spatula_left_distanced from_2.txt
104.591179
104.952621
115.101677
115.199409
115.26403
115.627342
116.218849
116.496758
116.567207
116.509521
116.206779
115.899117
115.804779
115.770714
115.700401
115.121185
114.926338
114.933907
115.06295
115.600243
115.991104
116.336479
116.375099
116.307671
116.139771
115.775414
115.632942
115.256424
114.879387
114.664536
114.567734
114.174248
114.015526
114.291359
114.602615
114.872185
114.898468
114.765686
114.477066
113.89994
113.482239
113.470787
114.36969
116.681282
118.190086
120.066978
120.58046
119.71032
118.991486
117.442497
116.514191
115.697983
114.863525
114.542564
114.105232
113.983269
114.687973
115.943718
117.431702
116.518204
113.92215
113.803276
115.61113
115.927696
114.928139
115.103836
116.63414
117.309265
116.318161
115.216248
113.877487
112.91333
112.760292
113.842239
116.650108
117.744537
116.692421
115.327461
114.883331
115.956902
117.808907
118.51899
118.72702
118.615334
118.18454
117.626175
116.377167
115.895187
115.806267
115.165527
114.302155
113.315086
113.184052
113.136192
113.275604
114.297195
115.399284
116.336304
115.748718
114.563782
114.449371
116.081924
117.431664
117.630173
117.077705
115.985794
115.376106
114.888481
114.77845
115.57373
116.60424
116.988548
116.710587
117.224174
117.663803
117.117256
116.135002
115.832375
116.554039
116.565498
116.15921
115.390076
114.616653
113.135681
112.344971
111.763588
111.265099
110.604866
110.424599
111.292435
112.456741
114.911804
116.434219
117.118454
118.082787
118.321373
117.758774
117.494827
117.038475
117.098335
117.618263
117.650833
118.476013
119.021606
118.446449
117.921196
117.405472
116.981415
116.352058
116.115334
115.64032
115.103401
114.557419
114.642609
115.229568
116.037827
116.994133
117.396584
117.329018
117.673889
89.9471054
89.5748978
140.156006
140.337234
140.809372
140.892166
140.779053
141.308838
141.220261
140.407272
139.9561
140.124329
140.42598
140.290848
140.24115
140.179718
139.794876
139.726303
140.025925
140.032684
140.121262
140.963974
141.410019
140.592041
140.005051
140.184341
140.20285
140.061295
139.796387
139.792862
140.525696
141.136734
141.318497
140.732773
140.239563
140.876068
141.09877
140.026489
139.671295
140.285919
139.644562
138.929321
140.31134
140.588684
139.813614
140.802444
141.803055
140.833298
139.97316
141.485718
142.117798
140.702118
139.584549
139.31543
140.927872
142.325104
140.885956
138.246811
136.810089
138.588257
141.596695
140.58165
137.705734
139.647018
141.888
140.981842
140.600082
143.456345
144.986664
141.266846
137.118576
136.337921
139.460922
142.358459
141.397736
139.081131
138.661743
141.764511
143.761322
140.975296
139.743408
142.329422
142.205612
137.338074
135.615952
138.263901
139.998322
142.141983
142.368958
139.558472
139.342087
141.83902
142.002838
139.853928
141.239517
143.570969
142.892868
140.697693
137.688934
138.494308
142.440475
142.597275
137.56282
135.213638
137.487015
140.342651
141.446106
140.734161
142.69841
144.279358
140.401367
137.772385
140.701828
142.324142
140.923141
138.916428
136.795166
138.795547
143.22139
143.811172
142.001221
139.918854
141.048065
143.950653
141.635483
137.594757
138.388916
139.118073
138.227722
138.436386
140.198425
141.010895
140.585098
142.970688
142.990219
139.203827
139.38533
142.589401
142.644104
139.569901
137.862411
138.877579
141.363556
142.267319
140.096512
136.937454
136.736588
140.463211
142.587524
139.827209
138.447372
141.02597
141.099136
140.049347
141.639618
144.02655
142.911514
138.958267
136.307739
138.21167
90.4895248
91.4849014
114.504166
116.168388
116.745773
115.771584
114.94767
115.631195
116.639236
116.350662
115.526176
115.887314
116.739014
116.209854
114.640465
114.557816
116.522278
117.373581
116.045013
114.742386
115.11628
116.703766
117.922356
116.677757
114.56427
114.614021
115.765121
115.634773
113.88607
114.189392
116.802452
117.223862
115.798248
116.193558
117.317146
116.127792
114.369408
114.312027
115.205811
115.726044
115.207291
114.577675
115.396172
117.113754
117.676842
116.811401
115.75914
115.953362
116.989288
117.494598
116.118698
114.196007
115.863754
115.648232
114.908043
116.581985
115.499596
114.713905
115.30854
115.498512
114.837776
114.387817
115.040565
115.601898
114.95105
115.746658
118.245262
117.629768
114.734573
114.162987
114.969162
115.809914
115.948708
115.527367
116.988304
118.325287
117.341682
114.992943
115.257706
117.053802
116.097511
113.742035
112.921104
114.498077
116.142448
116.093231
115.443146
115.268936
116.310516
117.430367
116.763245
114.856644
115.424805
117.187439
116.535759
113.665657
113.315292
115.791595
115.893288
113.947884
113.961868
117.047562
118.80426
116.730186
115.084129
116.741905
118.213654
117.718185
115.709618
112.816925
113.363441
117.185188
117.42598
114.041862
113.555122
117.627045
119.005463
114.408928
111.88105
115.222557
117.607666
114.784172
112.468437
115.103226
118.016365
116.692169
112.079178
112.431
118.934181
120.25544
116.023277
114.171219
115.442085
118.203293
119.689522
115.883995
110.428894
111.896507
116.206467
115.513908
114.321312
114.744949
113.32856
114.798416
120.67453
121.080284
115.274841
113.882553
117.742287
121.035858
119.41291
112.596176
110.458946
115.421783
117.685776
113.730972
110.550308
112.796227
117.392715
119.455696
67.7187347
68.1627655
47.6966095
48.5833702
52.3260918
55.5125084
53.3244743
52.4634819
55.7286606
58.1770401
57.6579361
55.6389427
53.4025841
51.9459686
52.3910217
53.1662674
53.9313965
54.219986
54.3278847
53.5768013
52.9276466
52.6459961
52.7602119
53.1704636
53.6597061
54.0781174
54.6959686
54.7158623
54.0512505
53.3401108
53.5749969
54.1482658
53.983963
54.1230698
54.1223564
53.0741653
52.6600876
52.6527748
52.6283302
52.9471664
53.2739983
53.6078377
53.9668579
54.1091118
53.7003975
53.571907
53.3960381
53.2856827
53.0466995
53.2674599
53.6894264
53.3734093
52.9601402
52.6619186
53.0453568
53.7760315
55.0355453
55.4487419
54.6726456
53.6274109
50.9147186
49.8144608
51.1480522
53.0162849
55.6931458
56.4356155
57.4433403
57.488575
53.5665016
48.556881
45.4772491
45.1941872
46.9606133
49.9727402
53.1010551
53.4779129
53.1126633
53.8293266
54.3075294
54.5381432
53.4468575
53.8919525
53.8936653
53.1080971
52.6982307
53.1809578
54.1857681
58.4500465
59.6929932
59.8130264
57.0134811
56.2079964
56.2162857
53.6580009
51.8488083
51.2007446
50.1395111
47.8489876
46.1759911
49.731823
51.284996
54.3951302
56.0177307
56.6260757
56.1752243
54.4373131
52.6340294
52.6007271
53.6492081
54.5898094
56.1378059
56.2198257
57.3249054
61.3576469
63.5247841
61.7218437
59.6360435
60.1893616
60.4490547
60.1627731
57.5401154
56.0677567
54.3104362
53.3308907
52.4157715
52.3480949
52.4167824
52.6364326
52.5440102
52.331459
52.4483452
52.6821251
53.4683037
52.8822441
53.0013351
55.432373
58.565197
59.6964149
59.3360748
58.5974236
57.1431923
55.9338112
54.3674202
53.276825
53.0187225
53.0066605
53.0908356
53.4309158
53.616291
53.4036484
53.3846893
53.4184113
53.2143097
53.5470772
53.7712097
54.0552597
54.1838989
53.6314697
53.7091255
54.0804443
88.3336411
88.2290497
151.650818
151.762878
151.761154
151.621262
151.964203
152.280273
153.199097
153.568817
153.783569
154.075272
153.70575
153.274872
153.292847
153.574326
153.895905
154.40831
155.636551
155.768112
154.135468
153.348083
152.594666
152.374527
151.414444
149.094208
147.661118
149.506332
151.734344
151.016113
148.587692
148.142288
150.113922
151.156891
149.41156
147.449997
148.380539
149.551239
150.179749
151.085556
151.510925
151.127884
151.079681
151.845383
152.645767
153.102142
153.741196
154.067078
152.771561
152.936157
153.330002
150.747437
148.740295
149.424988
150.77655
151.83551
153.182373
154.7957
156.0728
159.328522
160.705276
158.22963
156.908981
155.40152
153.991425
155.013733
157.671844
155.913895
152.543045
151.96019
152.011734
153.159348
152.825775
150.309021
151.869507
153.33226
151.268326
150.837234
151.415634
151.70697
151.541977
148.47406
146.050812
148.589218
149.811996
148.399887
147.043198
145.888
143.622467
144.718399
148.000137
148.399933
149.121475
150.155212
150.195129
148.378754
145.328247
145.297104
146.929199
146.718155
147.011093
149.277771
152.079025
151.07811
151.760666
154.280502
154.400238
154.62294
155.311081
157.057053
159.300323
161.09761
162.15564
164.687088
158.788376
154.363785
157.198685
163.847061
160.728775
148.325195
149.513367
159.492203
166.087311
160.813629
147.074768
145.420181
147.977722
147.501633
144.483276
140.50415
141.699051
145.302826
147.022003
148.271149
148.146027
146.360565
143.84845
141.531265
142.060089
140.966919
142.284683
149.086487
68.041153
68.1490021
29.0144157
29.3829479
30.0803986
31.3133297
30.760973
28.8154316
28.5008049
28.5499058
28.5326729
28.7640648
29.0391197
29.4151859
29.3953629
29.3136463
29.2535706
29.2891598
29.3112526
29.419363
29.5852451
29.3555794
29.2198849
29.3056126
29.229929
29.1097469
29.0942574
29.0034008
28.9907684
29.0611477
29.1023846
29.1616669
29.2650585
29.2129421
29.1752186
29.4099827
29.3760357
29.0399227
28.9833927
29.1772232
29.0800743
28.7631836
28.7726631
28.9240284
28.9896832
29.0981979
29.0034485
28.7259789
28.2832317
28.4688549
29.0231571
29.3260021
29.7140827
29.6903744
29.7862988
29.6234112
29.3821869
29.7256775
29.6793213
29.5678577
29.9040585
29.7461262
28.9863014
28.9748554
29.4732304
29.4678307
29.0054646
28.6499939
28.8202438
29.0850639
29.4477253
29.3412399
29.3518257
29.5149174
29.4603176
29.2693481
29.2819538
29.5902863
29.2836914
29.323185
29.3414135
28.9311924
28.7318134
28.0643196
27.464571
27.4907799
27.4796124
28.3406353
29.4041214
29.240736
27.5336285
26.8612041
28.1553936
28.9130955
29.027607
29.2042294
29.714571
29.8850212
29.8160648
30.4191017
30.7071209
29.9457455
29.7357578
30.0848656
30.1016445
29.887846
29.36866
29.1296635
29.4348297
29.8655415
29.8502121
29.5061207
29.5249825
29.7621269
29.7717705
29.4536095
29.1189919
29.2459831
29.5883141
29.6520309
29.1912651
28.6960945
28.8791561
29.0728779
28.3162231
27.5445747
28.7018242
29.3035336
28.4483795
29.0791969
30.1275406
29.1434879
27.8679581
27.4618378
26.2684383
26.3302422
27.717495
29.6676273
31.7587128
32.1830292
31.7006569
31.0502758
29.804306
28.6788616
29.03232
29.7029457
29.7059097
29.2920341
30.2835197
30.8959503
29.6236877
29.1703281
29.7718182
29.6915321
28.7937927
28.6260929
29.2994175
29.3330917
29.4941711
29.2866669
NaN

spatula_left_distanced from_3.txt
104.222763
104.181503
29.767622
29.9096165
29.8283043
29.5929146
29.5573025
29.5026035
29.1546211
28.9949112
28.9926567
28.8050365
28.7164917
28.7631264
28.6193218
29.0025196
29.3264484
29.3084755
29.5565109
29.6997833
29.4273987
28.4752655
28.1545696
28.5065231
28.9535999
28.6642075
28.2402744
28.4696999
28.7024288
28.477129
27.8394718
26.8128738
26.3080406
27.7788239
28.4211693
29.8482685
31.0360317
31.6721344
31.7380047
31.6413097
31.2153587
29.9498367
30.2399731
30.4597893
30.0499268
29.0931263
27.851244
27.4822769
27.5868244
28.3669891
28.0891075
27.9322033
27.4161472
27.2853813
28.4125137
28.5495644
29.659462
30.3681927
30.2603302
30.7875328
31.6124725
31.1183414
30.6037083
30.331337
29.9809818
28.6020126
26.2119293
24.6875591
22.4238224
19.0449524
21.4875431
23.4200573
23.1682167
23.8268299
27.3672733
28.8068295
25.8382549
23.2783566
24.5561523
27.4781113
28.1658669
29.5041161
31.1260605
32.6731834
31.6502399
32.750988
33.6384125
32.1991501
30.1488857
30.5330734
30.9181976
29.613924
28.7273655
32.4786148
34.183876
31.7994041
30.4865494
33.1576881
32.301178
29.4151154
29.3965092
30.263073
28.8963718
26.7407322
27.2131062
29.6425838
28.5739574
26.5920124
27.9252701
30.0655746
30.9314232
31.1364346
33.036747
32.8717041
30.7512016
31.1750832
34.4972992
34.303936
33.369957
33.997654
32.4801483
28.4277554
24.6430569
24.7485256
23.5814266
23.0252266
24.8909912
26.5528469
24.5191231
23.8052292
24.8976994
25.1889763
27.2770748
28.2371712
28.076231
29.2591553
30.7308388
29.2246819
27.9991817
29.2563744
32.4579773
34.096508
31.8930283
33.2278061
35.835743
33.9918556
32.5365334
36.4242935
38.428318
34.4725533
31.4140587
34.3477974
35.2122345
30.9454193
30.8481979
32.813694
32.3165398
30.6910458
29.9288101
29.8960724
NaN

spatula_left_distanced from_4.txt
73.9188766
73.8471527
132.03833
131.456329
130.921036
130.471252
130.212769
130.015213
129.90361
129.663528
129.401138
129.117523
128.860092
128.433411
127.926384
127.439529
126.818893
126.189674
125.462914
124.780647
124.189194
123.534393
122.900734
122.209259
121.385796
120.544304
119.922989
119.217705
118.379395
117.536926
116.638092
115.683968
114.713905
113.635376
112.592247
111.521309
110.608147
109.694313
108.550873
107.522858
106.530037
105.599022
104.644936
103.760674
102.797272
101.811935
100.814835
99.7630615
98.6208878
97.4511261
96.4049454
95.4525833
94.5249863
93.767189
92.8471298
91.9315262
90.8976517
89.7208252
88.9167938
88.0426941
86.7659988
85.7614136
85.1187744
84.4514008
83.7993698
83.0535202
82.5510178
82.1262436
80.6110001
81.3684235
82.1840515
82.0104294
81.3637619
82.1463623
82.7352448
84.6969681
86.6676712
86.3802948
86.2965164
86.4900818
86.6719971
86.6744308
86.8006058
86.8908234
86.9232483
86.9429855
86.9620285
87.0295334
87.286377
87.370697
87.2146149
86.9304581
85.9546432
85.5423965
87.42276
89.8436432
89.3810196
86.6243973
84.7687378
85.5546112
87.0523529
87.5158997
86.9384842
86.1730194
86.266655
87.6283035
89.0135727
88.7237091
85.6942596
83.3249969
84.6927719
87.4682159
87.8138275
87.2609253
86.9562454
86.749733
86.8076706
86.866478
86.828125
86.6248322
86.4300995
86.2506638
86.2718811
86.5700684
86.6581802
86.6093369
86.7502747
86.9332657
86.903595
86.8542404
86.8602295
86.8460083
86.8659668
86.8313522
86.6304932
86.4831848
86.4673843
86.4706802
86.6368637
86.8573151
87.0354309
87.1443863
87.2535934
87.278244
87.164093
86.8429565
86.6820297
86.8369446
86.7510529
86.6216507
86.5883942
86.5800476
86.5649338
86.5578995
86.5443954
86.6666794
86.879921
86.8943405
86.9880829
87.1166153
87.015831
86.9039993
86.8748245
86.7197723
86.5649109
86.5907364
86.6678238
86.6467209
86.4789429
86.5146484
86.691925
86.8435974
86.9759827
86.940506
86.9328079
NaN

