spoon_left_distanced from_1.txt
94.8978271
94.936615
122.050919
121.179085
154.248917
131.303314
171.805664
127.444023
158.8992
172.075974
125.213364
147.296127
126.25135
132.760315
118.802048
170.032516
122.115654
170.730667
122.454636
118.459633
160.246689
165.978317
155.087555
150.408096
156.745728
150.91626
160.080704
151.788589
160.133591
156.919449
116.339745
160.280304
163.552612
114.20372
111.314949
121.92086
142.496002
157.980011
148.976974
157.795578
137.560272
103.840919
156.087051
104.795242
106.96682
152.077377
152.591125
102.009972
148.060272
131.687698
135.632294
150.552444
101.980614
98.7817078
98.2258911
97.9863815
101.292435
94.1361542
145.722794
133.193115
91.8199692
91.5899963
136.132202
138.927475
86.3297577
96.3871536
137.47287
117.590164
83.2333679
98.7678986
113.321205
112.560341
79.0352859
81.4936371
88.467598
133.097214
83.6708603
86.2285995
122.195198
99.1260986
82.2186737
123.300842
79.5118713
126.953781
87.0314636
82.4090881
122.355057
133.810562
137.08432
86.1399689
134.274078
100.488785
112.141785
85.5163651
125.061531
88.4287491
80.3392639
85.2904739
97.2654877
129.320557
81.1307678
77.7040024
125.027557
127.833153
91.5514908
129.092789
132.783569
103.073326
86.5210648
136.216797
129.957321
122.15564
113.075752
94.1271896
81.5181351
99.1444626
123.743439
104.056305
123.132629
93.7977219
80.8876266
79.8019714
79.6814423
172.528824
171.394852
108.910561
79.8383789
81.1675034
100.911407
110.778732
141.968262
165.953827
76.0691452
105.665298
125.220497
161.057068
135.159576
156.842896
123.178978
100.156425
73.4728165
81.9822922
70.6204834
140.437561
74.5221939
78.4872971
150.404587
149.543152
63.6727676
139.393951
74.683075
58.5899239
146.456207
135.889282
67.9404602
81.8297653
61.6069679
53.3301201
141.660751
71.5448532
60.9738731
133.794388
138.24971
60.8002052
102.768211
102.975533
66.8113403
44.3544617
64.8983002
60.1127968
82.5760574
104.725296
51.1995087
36.0436859
121.522552
119.561371
71.1786652
51.6689873
69.2711563
115.68502
106.442833
76.2470627
115.348183
56.6398392
97.4929428
87.6575775
43.355896
25.7743893
23.7807312
107.81279
26.7222137
80.1330185
17.5970955
105.100426
36.7949066
51.0668221
49.8466263
16.0397243
40.077507
103.765678
90.9367523
97.3390045
15.7837629
61.2746849
76.3331985
101.321953
89.7015152
94.6088181
24.2695065
68.0580521
14.2645922
103.033379
23.8091049
12.6098013
99.0392151
44.4785728
45.8877182
82.9251022
11.6414785
58.885685
47.9533386
93.9212494
102.281319
22.6384239
57.4149666
97.2225494
32.1134453
88.9461365
20.4564228
26.9257412
102.664894
50.8718796
105.118332
97.2902985
15.8370724
79.9127274
105.11776
17.2873421
91.5068817
24.4771042
16.8756199
31.3363895
54.1781197
19.0268707
38.2838287
60.9934616
72.6496048
99.1268997
103.137962
22.7215462
101.547096
13.7229443
98.6516342
44.6626625
10.8444595
83.1433105
89.694603
29.7181664
89.4108963
95.7114182
99.3980179
96.9428406
71.4745483
97.7243576
48.0151062
57.9991188
103.382896
90.005661
29.2068958
66.9463959
26.9589672
102.964531
17.1191063
62.4777985
56.0915642
88.0815582
95.1082306
37.5881119
50.3717194
18.4873371
16.3673916
79.9174194
37.4111938
35.0828285
64.3611679
16.7371922
23.9812145
64.8806458
97.9356308
48.6624794
79.1240921
101.591698
28.6304073
104.627029
32.9519463
76.549324
78.7442322
78.8195496
0.897220731
1.64734507
1.36487043
0.651920974
1.85202909
0.753294528
1.6380527
2.04927707
2.51637292
1.56785405
2.26839876
1.42037547
1.12535346
1.99704003
0.352215111
7.25731182
0.92535007
7.64192915
2.18525314
1.55343378
1.82788455
0.227281943
0.966718435
1.73776257
2.97525907
2.12338519
1.60437465
0.846959949
1.97129619
2.24149179
0.81613338
0.709967375
0.519264638
0.364768952
0.268340975
0.813972652
1.03703153
1.10358095
1.07283163
0.74414742
0.216704816
0.459275424
0.403967679
0.407824278
0.295413703
0.953060091
1.51387799
1.82895482
1.40039551
0.272680998
1.76713264
1.25132632
1.23336983
1.50193834
0.907628834
0.344917446
0.251009971
0.190774083
0.464781046
0.463093996
0.782347023
1.31045008
1.09575129
0.771770716
0.917705715
1.50311053
0.158258781
0.98357445
0.97638613
1.03135526
1.30955374
1.61373961
1.25663209
3.05415535
2.46362758
1.90731502
1.4100045
0.761561513
2.2320416
2.86033368
1.65682137
0.800886035
0.448933929
1.0091064
1.07974041
1.13900757
1.24238062
1.20917511
1.09181535
1.17253101
1.28206897
1.96622646
1.4719317
1.07246673
1.20642066
1.00949407
2.11886382
1.68400156
1.00735962
0.989722729
1.20056725
1.03929341
0.839767337
0.602634072
0.318981081
0.217605874
0.269795418
1.06844497
0.608450532
0.552846909
0.752774835
0.751734376
1.10941696
1.51568651
0.39366439
0.85660845
0.553200722
0.606195211
0.884701967
2.8512857
2.7440238
0.832747579
1.81908393
1.35609639
2.43622446
2.47425056
2.94117928
1.6703496
2.58111262
3.71283102
2.61014557
2.31967473
1.04623675
1.10499859
0.342069179
2.30469203
3.11715484
1.37344599
0.835796714
0.575052977
0.873348951
0.571982324
1.06716216
1.08118927
1.25226426
1.6014446
0.577768743
0.0656106025
0.515862107
0.53155458
1.09396398
0.849267185
0.618339658
0.549296141
0.239848316
0.632110178
0.939411402
1.42189014
1.70731473
1.94822764
0.766172469
1.26423955
1.17868984
1.15589082
1.82069683
1.61337566
1.46873748
1.28283191
1.13677204
0.50937295
0.20747906
0.137056112
0.263929576
NaN

spoon_left_distanced from_2.txt
86.8996506
86.0812759
33.20755
34.038475
34.8951607
34.5800476
33.7239304
33.7653618
34.6072922
35.2058792
35.1159706
34.3698044
34.0120354
33.8383179
33.5101242
33.6316681
34.186779
34.6017303
34.2438469
32.2548065
30.2819557
28.8108406
32.311882
38.9232674
39.6104164
37.0246277
35.9261894
33.111248
31.1908283
29.5407696
30.055685
32.9529991
34.4872169
35.9580574
36.0908165
34.9392128
34.2035141
33.3696289
33.4170074
34.3360825
35.2873993
34.8258171
33.1551056
32.5092316
32.665184
33.0477943
33.1077652
33.0652962
33.4329605
33.7380219
34.5136185
34.8174248
34.5920105
34.2954407
33.9789886
33.7081947
32.76371
32.5227013
33.2440681
33.715416
34.2823524
34.5820389
34.4117012
34.0122528
33.6337967
33.796463
34.0407906
34.1423607
34.2560425
34.1134109
33.7687225
33.138176
31.5099754
30.775425
31.0105476
31.6574497
32.9455109
34.1503563
36.5299072
37.1994667
36.4796295
36.6705856
35.3580132
33.1482201
32.9532318
34.7116432
34.5038795
32.6636047
32.090683
31.2697372
30.894516
31.5449657
33.1460342
35.0778427
35.7408981
36.4721451
36.2760124
35.0695343
34.122818
33.0244675
32.9088936
33.3503571
33.6353874
34.0748901
34.3925934
34.947216
35.2063179
34.6687241
33.9450531
34.0709496
34.4136734
34.3011475
34.2982292
33.8998756
33.3370094
32.5626335
32.4643097
32.952076
33.2707176
33.6635895
34.1417236
34.6267281
34.6978951
34.4424133
34.140358
34.2007332
34.3276596
34.1350288
33.1810951
32.5870132
32.6292648
32.8395882
33.0308456
33.1095085
33.4830589
33.6256065
33.6332893
33.7826958
34.6268654
35.1733971
34.9412384
34.4809494
33.3976021
32.3410263
33.1266556
32.886673
30.7005062
31.5589066
36.9797287
40.6978035
42.1806259
41.5068359
36.6943321
33.6210594
33.8893242
34.1264915
33.4564705
32.4697685
32.3944817
32.650856
32.3230934
32.6949387
34.5326233
35.2110481
33.6950645
28.897543
25.2686825
23.2224007
24.190443
30.4563465
34.6730728
36.4273338
35.4635353
30.6694794
26.4211197
NaN

spoon_left_distanced from_3.txt
98.9799194
99.2153549
178.961273
179.325943
179.817612
179.673737
179.706589
179.522751
179.381027
179.47998
179.653946
179.282364
178.285034
177.389694
176.733917
176.113449
175.592514
175.910934
175.637985
175.295227
174.111206
172.863708
170.797165
168.852264
169.849899
173.584274
176.710434
169.881592
166.067703
176.683472
166.587448
161.176254
174.495987
164.950928
168.676041
170.147827
167.743561
173.87175
171.673523
173.480316
170.286255
170.719864
172.85199
175.64917
175.853485
177.254623
178.281601
177.453781
175.509918
176.495361
175.471603
174.661606
177.603638
176.651169
178.402222
177.183456
165.134827
163.185364
170.883667
176.029419
178.083054
177.281342
175.462494
173.756317
171.56546
171.176941
174.058594
175.924454
177.245941
178.253815
177.381332
174.828506
174.589661
177.660248
176.393372
174.56012
176.6306
177.383484
177.372208
179.153732
177.30928
177.644745
175.249557
174.533447
179.608337
174.892014
175.500122
177.823456
178.945938
177.576096
176.889633
174.892136
172.825836
172.411774
173.53949
175.593536
176.46637
177.210693
176.505417
170.777496
165.251282
165.471451
173.24115
177.750061
176.560837
177.660248
176.45636
175.494324
176.024918
175.499756
176.262466
178.234421
177.786102
176.165298
175.500412
174.080231
173.253052
170.232208
170.770157
171.453644
172.993942
171.480103
169.794418
171.225845
163.324722
173.779678
162.844269
NaN

