wood_left_distanced from_4.txt
90
90
90
90
90
90
90
90
90
90
90
90
90
90
90
90
90
90
90
90
90
90
90
90
90
90
90
90
90
90
90
90
90
90
90
90
90
90
90
90
90
90
90
90
90
90
90
90
90
90
90
90
90
90
90
90
90
90
90
90
90
90
90
90
90
90
90
90
90
90
90
90
90
90
90
90
90
90
90
90
90
90
90
90
90
90
90
90
90
90
90
90
90
90
90
90
90
90
90
90
90
90
90
90
90
90
90
90
90
90
90
90
90
90
90
90
90
90
90
90
90
90
90
90
90
90
90
90
90
90
90
90
90
90
90
90
90
90
90
90
90
90
90
90
90
90
90
90
90
90
90
90
90
90
90
90
90
90
90
90
90
90
90
90
90
90
90
90
90
90
90
90
90
90
90
90
90
90
90
90
90
90
90
90
90
90
90
90
90
90
NaN

wood_left_distanced from_5.txt
90
90
113.442764
112.938309
112.97258
112.3442
112.620735
111.755402
111.795769
110.418571
109.723129
108.570854
108.425247
107.428772
107.383278
106.626556
106.968124
106.38588
106.887047
106.180588
106.410484
105.408844
105.730255
105.15361
105.349258
104.131859
104.064896
102.926086
103.308693
102.359726
102.902443
102.343513
103.226654
102.385002
103.12825
102.356201
103.314682
102.806282
103.976952
103.304634
104.508682
103.959015
105.442764
105.12764
106.823677
106.645119
108.500694
108.456581
110.465553
110.589478
112.775978
112.985428
115.208275
115.733307
117.438919
118.799011
121.694412
121.874153
124.517136
125.573166
129.147171
130.882416
133.471863
133.974747
136.437531
136.868301
139.121231
139.354019
141.466644
141.650055
143.727448
143.987381
146.130676
146.325119
148.331909
148.54628
150.606644
150.74855
152.71521
152.881348
155.047119
155.361359
157.499527
157.701828
159.764542
159.956192
161.471893
161.115189
160.810791
159.02153
156.751694
155.275299
155.891693
155.399918
155.554977
154.450912
154.193665
154.125595
155.081924
156.977371
158.50119
159.447968
159.263885
159.326248
159.105225
159.09996
158.867081
159.408493
160.756989
167.573563
168.62442
168.641983
166.294861
165.903473
163.961639
163.81311
161.617157
161.32782
159.401001
159.342224
157.3526
157.056381
154.641418
153.480728
149.75647
148.672546
146.250305
145.791718
143.817078
143.720139
142.258636
142.201752
140.332352
140.024658
137.86972
137.71431
136.377335
136.449905
135.266449
135.827438
134.442657
134.416931
132.361755
132.125565
130.08847
129.905655
127.747681
127.494118
125.404259
125.161835
123.080338
122.928848
120.886101
120.692734
118.582413
118.343933
116.237213
116.082222
114.000359
113.816162
NaN

wood_left_very close to_1.txt
90
90
51.23032
53.1981773
54.9143028
57.0731926
57.9348526
57.6583557
57.4673119
58.4282799
60.1252899
61.2512321
61.2537308
60.0961647
59.7279205
59.873909
61.4613495
63.9611778
66.6373825
68.8447952
70.4680405
71.8625183
73.2988968
74.5929184
76.0619965
77.9851303
80.1608734
82.1275635
83.983429
85.8336411
87.8696747
89.9432678
92.1754303
94.4009171
96.6173935
98.8509598
101.11264
103.477524
105.843346
108.184441
110.269417
112.450912
114.114182
115.935921
117.349007
119.152199
118.555641
119.106644
119.799568
120.271873
120.807457
121.003944
121.156898
121.430573
121.940254
122.353264
122.851364
123.121773
123.100456
122.601006
122.397049
122.38456
122.55661
123.242676
123.773315
124.301697
124.440636
124.065727
123.735611
123.185287
122.546097
122.513733
122.960579
124.119591
124.839783
125.635239
125.875473
125.994576
125.809547
125.188957
125.046944
124.957588
125.231354
125.94648
125.929947
125.16256
124.848358
124.904022
125.084808
125.675552
125.870064
125.798401
125.516037
125.034744
123.976639
123.180252
122.661308
122.856445
123.781662
124.2006
124.708656
124.687576
124.243439
123.839775
123.042252
122.558304
122.283669
122.333374
122.636665
122.897797
122.648163
122.398796
121.81517
121.630974
121.201447
120.945839
120.760056
120.5746
120.191223
119.78746
119.146507
118.609856
118.111061
118.480209
119.169701
120.085449
120.890213
121.493095
121.72554
121.749641
121.570404
121.506195
121.563957
121.569405
121.60939
121.437256
121.300171
121.061691
120.863777
121.026039
121.295776
122.03566
122.57238
122.470291
121.807098
NaN

