90
90
9.91048145
8.82095909
10.709178
9.48130894
8.67869377
3.87449241
4.57500219
5.537323
8.97327518
7.65260458
10.5251369
6.30297613
7.56740046
13.4551945
23.6906624
22.3376122
21.7787876
22.3176365
24.1745377
19.6177921
17.1805229
22.3858414
47.2715454
60.3183632
62.8168335
62.2006149
58.2155533
52.6366119
47.5612869
44.69981
36.1334534
28.647934
33.3876381
45.7738571
58.5149269
68.4696808
71.2783279
69.5362015
62.6864815
64.6992493
74.5268784
80.5785446
83.4750748
84.2079926
78.1797256
72.4259567
73.9552536
85.6102905
91.4028625
92.5030746
90.1524658
90.5272293
87.9111023
91.6953888
92.2479935
94.8423691
89.2441483
85.2590866
84.9774857
