90
90
28.7570496
28.5758495
29.1543617
31.6635208
32.1377792
26.7955322
23.6677456
24.796587
26.0957355
26.0020638
24.0498314
26.337677
30.3272934
27.9675732
23.2310085
27.0605373
29.6326332
26.3959579
20.2786407
20.3505001
23.7820358
23.7024822
24.0825157
22.7805977
19.1507092
18.1773453
21.6745758
25.5670376
29.1368847
27.6185913
28.70858
37.557991
41.6781464
41.5627785
41.9526291
40.3623581
39.2211647
37.6745834
24.9492664
24.4938297
34.3796692
39.1834908
36.0875969
34.2927628
34.9946518
29.6236877
30.8654518
35.3554192
39.0227623
37.8180962
34.2030067
30.6508369
26.5745583
20.3928509
25.1960049
28.8073673
23.7581081
19.8703117
22.0582066
90
90
27.1413784
28.4839668
29.0687866
30.9996376
33.4105568
30.456852
25.4009666
25.5584278
27.7340927
28.3068066
26.5834351
27.6974525
32.2653542
33.4699936
26.6299038
28.2062531
33.2381592
32.1867485
26.4563274
23.5533676
27.3284321
29.2946987
30.2205448
29.7066135
27.447237
24.9141693
27.9762211
31.3864574
36.2206879
37.0326042
36.2484779
43.0784187
50.7369537
51.201046
52.1856461
50.8734131
50.7746124
48.2137375
41.6379471
33.2480927
42.4031219
50.1526718
49.5011253
45.8083992
47.7217064
42.4064102
43.6901436
45.0735016
51.3847885
50.5648575
48.862606
43.7971878
40.4478836
34.6348534
37.542984
37.7486115
41.5521126
26.6415043
26.483036
