90
90
41.5825233
16.3163662
57.7963295
35.3980141
14.9669275
22.7600994
27.7804146
41.1857796
63.472538
14.6975651
40.6456909
52.6198692
56.6396255
37.0733147
42.8662643
42.5104408
22.7413521
52.2216988
48.1977959
30.549511
39.2716331
30.0362549
30.977005
42.2288132
40.6608696
19.8078308
18.2238235
42.1840935
43.1512032
40.493679
36.3582191
33.8303757
45.7402115
29.1909142
51.0091324
30.1844769
56.4082756
31.9924145
28.327282
31.559515
33.8250961
46.0780945
43.124649
19.7988796
41.5252914
41.6420364
20.7224007
45.7546577
59.564003
19.4713936
70.645752
65.2913284
46.1922035
11.1527376
50.2563667
15.0903721
42.2962532
17.2701759
12.2377357
57.5257874
59.8294792
14.2265387
52.1905975
63.1693459
52.5482368
76.4964066
21.9940166
73.966301
77.2741165
74.3568802
78.4774094
57.9137154
89.740303
70.0604248
39.6897316
95.1942825
115.856117
96.0894241
34.9177628
90.7671661
72.0643616
130.206253
95.4290314
107.910599
77.1480255
37.1482124
84.5586853
72.2073364
42.8088722
