90
90
16.7943878
15.3852148
14.9180555
18.1380367
20.5413227
13.5896645
11.6729336
15.0986357
18.4873791
15.3064985
11.7351389
15.1142282
18.8174992
16.2888107
11.9940624
13.924715
17.2367973
14.2299843
8.43982697
10.6011629
13.4857616
15.3887148
20.8310432
39.1835098
45.1023674
43.7926445
39.2680817
34.2234497
29.3104496
22.3568954
14.2618484
11.8978233
11.6434422
14.6835985
25.4583549
37.3781395
35.9622459
16.701128
7.23863363
23.5421009
37.6355057
42.8806572
44.8209419
43.0667534
34.3616371
20.6740971
3.96881771
10.8538399
9.47542
31.9701252
45.2511292
42.5699005
24.7279263
7.93481445
8.6074276
10.5867682
9.88467312
19.5846767
23.8894958
17.5420551
8.58695793
5.96114779
5.5820899
13.2065125
10.9939184
30.3244667
43.1647377
44.0607414
11.4043579
26.1185284
24.928215
48.7627411
143.936005
125.413521
89.6352386
77.5137939
87.4722214
45.1041985
22.8260918
21.4460831
52.3825417
97.2140732
76.0501709
59.1766281
27.8752403
8.2875452
55.1683273
46.4606094
64.155014
