90
90
22.234129
21.1388416
20.7757168
24.6890717
26.9406109
19.6095409
18.1334953
22.1329441
25.494339
22.0782776
18.7644997
22.6425133
26.4547787
23.4728947
19.7757072
21.727829
24.8259907
22.174551
16.2365303
18.5278759
21.5452633
23.6885376
30.5571022
43.8893852
47.5275078
46.1786118
43.0200615
39.610321
35.263916
30.8978882
23.9719696
21.1176186
20.0432816
23.7588196
32.7271881
41.7756004
41.0718803
29.3902969
22.5251484
33.5673676
42.4688492
47.3008232
49.2591209
48.2322464
41.0040894
29.5966816
16.2318649
13.1162815
25.7618828
42.2420464
48.3741264
47.4332771
36.0720787
23.4362831
17.2575397
17.7434254
26.287693
31.0530109
33.5756187
31.2795868
23.0567875
17.1133747
9.18816566
9.47290897
24.7412643
43.2266998
46.6935081
48.5408096
33.3078537
10.0003614
7.18913698
12.6098642
56.0000572
72.3572083
66.0452652
62.3665657
56.5970955
30.4616814
10.8158703
2.89516139
0.900051415
24.4595566
41.8275566
44.833416
39.6320992
25.741272
4.89980984
5.89820671
5.89039135
10.9404068
34.0483551
41.1089287
37.0263786
24.3632736
3.42067981
14.0404854
15.9053183
20.6540947
33.6045456
36.4376717
39.0763626
43.439621
49.688324
48.8491669
51.1436462
46.3802299
46.548111
48.4187164
53.8762627
57.8899307
57.4699783
56.2653465
66.7673035
78.0387192
84.9509811
88.927742
91.5748215
91.0594788
85.5034409
81.5580292
82.2573471
86.9181137
87.8737106
86.0271149
79.5221634
74.8455276
65.6104736
59.9756126
60.7798119
74.1319885
78.8801422
70.6975937
63.1788483
61.68647
59.0396767
41.5201569
17.0617104
13.3027935
25.5754166
52.2135696
61.9108009
60.6326294
60.5374298
58.368351
64.3164139
77.6548462
91.5035858
79.4270706
73.7905197
