90
90
26.9923248
26.5390625
27.2215443
30.1657734
30.5062962
24.7667103
21.7874928
22.6979885
24.1247864
23.8510799
22.3148575
24.3945961
28.4455109
27.0818043
24.3738594
25.9741859
26.941433
24.4705734
18.424736
18.3115063
20.4038448
19.213623
19.174099
19.1128635
16.2422352
15.1701851
17.6498165
20.9050846
21.977808
21.4919891
21.6318531
27.3168926
32.2732811
33.7223434
34.1907578
33.246479
32.5666199
30.5784225
20.6001282
13.8670959
24.9242687
30.571497
30.4012852
29.9994621
28.7394829
23.2070484
22.8291378
28.4363689
34.823288
38.3443184
38.7117157
38.0196419
32.5746307
22.6729736
12.8033657
14.3774881
25.6015739
29.5154438
28.6013126
24.6685066
15.3387289
12.4494562
15.7038536
31.8533974
59.1822166
58.3922234
53.7109833
53.2698097
46.5186653
26.9643288
22.4660511
41.9316635
51.4330597
35.6556282
90
90
26.7129993
25.9917946
26.6563454
27.6325474
22.7863121
16.6984291
15.0527058
15.632432
14.6667347
12.7487898
11.0779819
14.1458273
14.106801
12.2219839
11.1180077
9.68330479
7.76591825
4.31910467
6.81883192
5.65707207
4.64342356
15.0022068
24.8890743
25.1789436
25.2776165
21.9968071
18.9971409
15.7926254
15.2300758
16.9434395
21.8462849
23.6987953
28.2115059
29.956398
32.549984
30.8121204
24.9994392
18.4339943
32.1269608
36.3765602
45.6527939
47.6334991
48.890873
45.5169144
47.3853073
46.2076149
44.712616
45.4162445
50.7203827
51.9906158
55.0855331
51.6260452
49.7512131
51.9394951
59.8000832
61.6185188
64.4955521
64.5134583
67.7444382
63.3978653
61.7110176
60.9535103
70.805603
95.287117
104.407845
101.253792
101.315117
100.906677
91.5909653
87.0970917
100.868042
121.76413
112.747414
101.089546
