90
90
22.3297195
21.3133469
19.0498295
23.5910969
28.0115452
21.072937
18.903738
21.6048985
23.7443981
18.9682064
13.2975388
19.2648315
23.3335228
14.9924412
3.63625789
6.12621546
9.6432457
4.46646547
5.40819979
3.80076051
6.90822077
3.45875907
22.2421417
37.0200081
39.3447723
38.3785591
34.9119644
30.2302265
24.7013817
22.8225708
17.4914169
9.46645355
7.67258215
18.9622478
31.6287212
42.9238853
46.3235817
48.4215584
44.6684074
40.793438
48.0975761
54.3331642
57.1341591
58.5075874
52.9656296
46.781498
46.1818848
61.9480286
69.7756271
67.7657547
65.1095276
66.0570831
63.1265297
67.9244461
73.0432663
79.5507202
69.74543
62.9903145
62.2702065
