90
90
21.5780773
18.8046627
17.8115082
23.1276989
24.9330997
19.4379368
16.150259
16.3299274
18.3130398
15.6213255
14.1590271
18.2420197
21.6953812
16.0778236
10.8288202
15.7651968
18.2685356
15.6673737
14.8083639
13.855093
16.5271034
21.384304
32.823719
36.1863174
33.8182869
31.5838509
30.2961788
30.5425091
29.1256313
26.2314758
30.8140602
37.0617218
41.2196007
44.4060135
46.4229279
46.8388329
45.1959724
37.3244247
22.6447754
33.167305
44.2736282
50.6900826
50.8469124
49.4299736
49.665863
47.3183746
46.6312523
48.4103584
53.5160789
56.7824287
56.9961777
56.5284386
51.0148964
45.2493019
45.7035217
51.3808746
56.0900078
52.6595039
48.9954529
90
90
22.1075783
19.8905468
18.1434231
20.6322403
26.0887699
23.2433338
18.4713039
16.9494247
19.7352333
19.1964207
16.7633343
18.4452133
24.3137875
23.2023506
16.2610378
16.9773178
22.6361275
21.7625351
19.4030361
17.9028301
19.7947769
23.2523575
32.2978973
38.3081932
39.0577888
35.8126183
35.5192604
35.7381439
37.4867287
33.8080177
35.0482674
41.7870903
47.9630661
51.3661957
54.7145729
55.3581619
56.1614609
52.1842041
38.5322914
36.6826324
49.2370491
58.258297
61.5458984
60.0956726
61.0247231
58.683197
58.7267609
58.3575211
64.5592117
68.0975418
70.8726883
69.9373169
68.5956116
60.7604752
57.6373711
59.9608994
67.6248093
66.7946625
63.6721649
