90
90
42.0083427
40.357872
40.5929642
42.2410774
41.4606857
33.8223991
32.7055321
36.7930107
40.3265648
36.2454262
34.7293015
36.0458984
38.5917091
38.7144432
40.7717247
42.2826614
44.1020126
40.4464455
34.4031982
35.1593361
37.0436821
38.9656143
55.9313507
70.5585632
72.9427795
71.3047867
68.4798431
65.0613632
59.7515488
54.167614
40.5302467
35.4650879
39.9789696
48.3371658
58.3184967
67.4840851
67.9795532
60.3460808
50.5580254
60.4324608
72.3076859
79.4810486
82.2628403
82.6572418
75.4816895
63.8915558
52.0688362
57.9406242
70.7051392
80.6294632
82.6662521
82.4181824
72.9734802
65.2489243
61.383934
63.3585091
65.4149857
67.4020004
69.3751373
71.0141296
60.1606293
50.3529892
40.1328545
46.1854477
64.7479172
64.2799606
55.9631386
56.1376877
55.847332
39.7832985
28.7857513
45.8884583
62.20681
47.776432
35.6581001
37.3579674
51.1395226
61.3983612
57.4453125
64.0023727
86.734314
108.937881
115.30806
116.927483
122.17627
130.77739
137.976852
124.110001
119.077736
