90
90
29.3393707
28.0401764
27.3264027
29.2538433
30.4065266
29.0277748
28.0709763
27.9531288
28.5919456
27.7219009
27.6321793
28.9436512
29.6279716
27.6114445
26.7554226
27.773262
28.5691795
28.4832382
30.0066261
29.3806095
30.2632713
34.5680695
44.3485031
45.6531143
42.3920631
40.6191101
39.3127899
39.3182449
39.5052185
42.2935524
48.9536057
52.5718918
53.9463959
54.0405388
53.8249435
53.1641655
50.5603485
44.0608406
36.9564972
46.7642021
55.571209
57.7824516
56.0282097
54.8294792
55.5719528
54.9751091
56.0796432
58.7182007
60.9546242
61.081337
60.0439186
59.6254158
54.3389168
50.1300659
52.3867111
57.2472305
59.9546509
55.8124466
52.0976944
90
90
29.9058361
28.438385
27.3715458
28.0370369
30.2404613
29.5277481
28.3629208
27.7812424
28.4326763
28.1346664
27.5516262
28.3652649
29.7104664
28.4954815
26.9521713
27.1213169
28.5689163
28.4845619
29.6628017
29.8920879
29.7302284
32.2588387
41.373291
46.3654556
44.1432419
41.4762917
39.9895401
39.1982803
39.8728752
40.7437401
47.2852058
52.2229004
54.106884
54.5864372
54.2225151
53.7426262
52.3420525
47.8854485
37.7275314
43.2164192
52.6551514
58.2686501
56.7848701
55.8390198
55.3246651
55.6161194
56.0585213
58.0573463
60.8449249
61.6272392
60.7252808
60.1880989
56.9295502
51.3202744
51.1835976
55.7148132
59.8527374
57.7721786
52.8490753
