90
90
22.1528435
22.3669033
20.0317097
22.7936821
29.3508358
26.1852016
21.7773609
23.8893604
26.4440269
25.2598248
18.5312271
21.8246899
26.8592091
24.3054657
11.5895262
10.4000769
14.5701342
14.4743786
7.19562912
9.21272945
13.1882629
15.1966028
10.7198305
28.7534237
35.2134781
34.5897331
31.624527
27.89151
22.8848171
17.9421959
7.86886024
6.56757689
4.70227957
7.11587667
19.6764889
32.4311409
36.4084206
34.2915955
23.1202717
19.5987625
30.4730701
39.5986328
44.0124588
46.0788193
41.151535
31.4287853
21.5555935
32.3460197
42.6037178
49.7438965
51.2837296
53.0708771
46.0884285
42.5151939
45.2822456
47.8564072
48.0565224
43.3484726
43.7579651
51.6766586
49.4177399
36.1192207
31.449152
43.222496
65.8483887
69.5043945
60.3971863
60.8330345
73.7634811
72.8598404
62.1082344
76.7315216
94.8642654
89.2797394
