90
90
38.1667442
36.6601791
36.077179
39.3407173
40.4473267
32.1098976
30.1518288
34.3799171
37.8758659
33.3890114
29.979538
33.077652
36.3008041
33.8925629
31.4474182
33.4800911
36.028553
31.7120743
23.7279816
25.9841881
28.9280949
29.8227406
41.5501366
56.3847542
58.5940475
57.0207558
54.2636948
51.6791534
46.7155457
41.0322647
26.7942677
21.8551865
26.9025421
34.2966652
44.2473488
53.6904907
54.9124107
50.1210175
40.8520775
50.1959152
62.3890381
69.5819626
73.4901962
74.7246552
68.2369232
59.2939186
51.8541069
62.2897339
73.0264282
77.0807953
76.8005371
77.8557434
73.7134094
73.993187
77.993309
82.5100555
74.9574966
70.9901276
71.9284592
