0
0
160.415909
160.196136
160.212677
159.426132
158.725204
158.597794
158.85405
158.983643
158.595642
158.473312
158.458786
158.395615
158.368973
157.472397
156.392395
155.300003
154.028091
153.738785
154.192703
153.478546
152.595139
152.642166
152.297272
151.279083
149.814606
148.511475
147.375641
146.123825
145.226196
143.616409
142.425735
141.718216
141.281967
141.251389
139.743607
139.135269
138.757095
136.514603
134.426285
133.951752
133.946411
133.068161
131.408264
130.110718
128.417892
127.172386
126.177856
125.67733
125.223778
123.873749
121.435204
120.666344
120.254128
119.115578
117.112282
116.219604
115.783592
114.725449
113.150963
112.065193
111.397614
110.450775
109.162735
108.383553
107.661995
105.648888
103.191315
102.048126
102.077934
101.577866
101.507355
100.86557
99.3948059
96.7943039
94.4619446
93.6936111
94.2799225
94.0500565
92.8588943
91.7070923
90.9057922
90.1628647
89.0146103
86.8329544
86.2364502
86.4141159
86.6363449
86.2342911
86.6205368
