0
0
53.1300964
53.1300964
37.1339722
36.1553917
23.8425159
41.2992172
50.8600807
52.9931946
46.0533371
33.5611954
49.215744
51.5551567
19.7838917
50.9454041
38.4057007
28.9812412
48.7174072
4.70015478
48.6606522
17.0234795
16.4201012
49.9230919
46.8227692
42.7649307
47.8243179
13.3659468
47.8243179
38.655159
47.8243179
13.4023285
47.8243179
46.595089
47.8243179
0.817331314
47.8243179
22.5660324
47.8243179
48.5050964
47.8243179
31.6385536
21.7833061
28.043684
52.9460793
9.8355732
8.57223797
53.0275154
14.0096245
34.6465874
7.72646809
16.8136883
32.2843399
7.41087151
24.6982021
