0
0
153.434952
153.434952
153.434952
153.434952
153.434952
153.434952
153.434952
153.434952
153.434952
153.434952
153.434952
153.434952
153.434952
153.434952
153.434952
153.434952
153.434952
153.434952
153.434952
153.434952
153.434952
153.434952
153.434952
153.434952
153.434952
153.434952
153.434952
153.434952
153.434952
153.434952
153.434952
153.434952
153.434952
153.434952
153.434952
153.434952
153.434952
153.434952
153.434952
153.434952
153.434952
153.434952
153.434952
153.434952
153.434952
153.434952
153.434952
153.434952
153.434952
153.434952
153.434952
153.434952
153.434952
153.434952
153.434952
153.434952
153.434952
153.434952
153.434952
153.434952
153.434952
153.434952
153.434952
153.434952
153.434952
153.434952
153.434952
153.434952
153.434952
153.434952
153.434952
153.434952
153.434952
153.434952
