0
0
161.737106
161.737106
161.737106
161.737106
161.737106
161.737106
161.737106
161.737106
161.737106
161.737106
161.737106
161.737106
161.737106
161.737106
161.737106
161.737106
161.737106
161.737106
161.737106
161.737106
161.737106
161.737106
161.737106
161.737106
161.737106
161.737106
161.737106
161.737106
161.737106
161.737106
161.737106
161.737106
161.737106
161.737106
161.737106
161.737106
161.737106
161.737106
161.737106
161.737106
161.737106
161.737106
161.737106
161.737106
161.737106
161.737106
161.737106
161.737106
161.737106
161.737106
161.737106
161.737106
161.737106
161.737106
161.737106
161.737106
161.737106
161.737106
161.737106
161.737106
161.737106
161.737106
161.737106
161.737106
161.737106
161.737106
161.737106
161.737106
161.737106
161.737106
161.737106
161.737106
161.737106
161.737106
