13.2714567
16.6356964
104.950249
92.4222412
96.0740662
69.9441299
95.0963745
72.785614
74.0376816
87.360321
68.5974731
70.2275238
115.050392
69.9066772
70.7801666
64.1723175
61.2067184
58.4238205
111.617386
110.386215
63.1935654
107.054565
75.9506607
78.8648376
103.219559
81.4065552
110.493217
64.0839081
112.13858
107.415421
95.2826843
62.7607689
66.3054504
109.180397
48.0381317
105.751556
101.790237
47.0291595
82.499939
67.4489288
108.967712
100.899536
88.6102448
99.3393097
81.006546
120.811127
104.933083
49.7277946
51.4403534
115.911491
122.923874
128.673706
132.107285
134.336212
86.0717087
115.250763
120.531044
61.8216629
53.3717194
57.6092911
62.7013664
40.8260345
78.5891571
50.9536781
54.0013313
58.8305893
83.3807983
26.9812126
163.965302
122.997612
58.4677887
75.2455292
78.805336
62.6004257
64.1484756
52.1981125
109.269234
21.166851
138.402252
130.768494
118.647552
120.404877
125.836601
115.904419
158.802307
67.9331207
119.459633
95.6333313
111.118591
74.9187927
113.177673
