12.4560013
16.5153236
108.964226
69.2918243
112.609756
113.349518
72.1962433
69.0068359
66.1079865
87.6499481
63.906086
98.2962189
75.3573532
114.956131
108.882965
118.660095
111.350525
117.298279
58.0083046
105.053452
117.773697
76.2211304
57.3027191
120.384506
112.773903
74.0720215
114.993835
122.274101
54.1802444
57.1261177
92.7817841
101.826767
57.7134933
48.1831093
47.8988609
78.1378937
50.8458595
46.5572319
52.2108688
98.8064728
81.043869
73.2722626
81.0636139
86.496666
129.815628
118.870956
