16.142395
16.2649727
135.724686
135.36705
126.27034
127.863724
143.465729
140.858917
126.919922
128.483276
141.088776
141.342529
126.443161
125.850204
145.422485
152.456909
134.961792
126.940666
137.367889
138.831604
126.960335
123.044067
141.114273
156.74794
148.278625
138.046326
133.620392
126.263321
120.075119
123.264175
128.08606
118.535347
114.528397
134.270905
154.324188
159.114685
154.001617
141.532715
124.68129
120.056915
126.215378
138.158981
144.819702
139.333755
132.49588
122.078598
112.700485
115.817337
138.486679
156.820251
141.547363
135.635834
132.834229
125.730682
118.872162
125.573593
139.08371
137.121368
135.923386
140.105469
131.254578
