13.0194798
16.5987091
122.993774
124.803802
98.8376999
116.305771
54.3794785
94.8869247
54.7593956
122.733772
68.126358
122.567169
118.68959
119.679489
82.3363342
72.8870239
76.8396149
63.7940178
75.3996658
113.673904
109.641144
75.1435394
115.888702
113.943954
98.2009506
35.9066582
108.54985
38.1165771
132.938171
137.858307
54.7956085
158.75502
18.7777176
125.052567
95.6460953
153.672729
145.379852
28.2594872
142.666504
104.766045
126.040413
128.332291
156.424774
124.682846
89.6163483
126.642365
