16.1375065
16.2958927
87.5438843
90.1789856
91.9866333
85.6782303
78.8307648
86.2122116
96.6374054
94.5034485
86.075943
86.010498
91.3421173
93.5474319
92.9466934
92.7551117
94.0138168
92.7790375
83.9960785
81.000618
90.3975525
94.7245178
97.3584061
111.304169
114.099625
95.528038
85.9040451
87.1000214
85.9306946
81.7149353
76.1577606
70.8805542
81.4249039
96.3654861
100.523819
103.978714
100.846504
89.4475784
72.516922
82.5586243
109.540619
111.704453
101.482681
93.313736
86.0052338
76.0041809
64.0166168
63.3797989
85.634964
115.003815
119.705521
102.272621
87.7941742
72.4201279
65.6763687
74.7798843
92.0048599
104.53038
102.062798
96.0024414
84.234787
72.3985672
71.4562531
72.5470123
91.6309814
124.672859
120.668274
92.1955109
84.8221436
64.8538208
58.2698746
78.8226242
97.1975784
118.751175
127.442253
113.66732
97.4577866
80.2781372
90.4482269
116.96286
112.925964
57.2944984
44.8218994
80.5220795
95.3532104
85.8275757
96.8976288
121.387589
100.785355
104.040863
120.83812
