12.7848492
16.5689049
103.021149
108.29039
59.807972
95.0575027
110.825432
98.3233948
65.6643295
74.5290527
111.56752
108.049881
110.123871
64.7653503
86.2537613
112.483116
73.973587
82.9912796
75.4032135
116.879623
86.7826385
70.8260651
120.33371
119.232971
78.3659058
111.802277
73.5811691
116.709732
121.65184
115.501648
88.5240707
79.7606659
49.4859962
62.8996735
118.632538
58.7849007
94.6542892
107.423065
100.933586
109.538612
110.11985
69.4846954
70.5486908
80.8016739
118.782547
72.2156754
105.889297
119.214943
91.2403107
125.427811
65.9616089
94.3095856
49.7647591
52.5618515
121.858063
65.5628357
115.438858
84.2104492
53.4865723
71.7885132
58.9511108
49.2422256
95.9722366
113.522293
59.4194374
117.444267
54.2160187
134.543549
88.4194183
116.117271
99.279068
108.772415
75.3346786
95.2882996
53.7882385
64.263504
