12.9259014
16.5995998
97.1803131
92.6219025
85.7956543
84.0529938
86.6545715
89.7148895
90.5100708
90.1245651
92.3753662
89.8931046
87.6414642
92.546402
96.8649521
93.415184
87.1858597
87.3228302
88.1981812
87.4339905
90.7908325
87.9833984
75.7025909
71.9612122
85.1562195
96.0119858
96.2964859
94.6195602
94.0109787
95.1372986
91.6285553
81.9316864
81.6524506
85.9615707
87.8236008
89.7214432
92.2684326
99.8201523
114.408051
105.298813
76.2923126
67.2716827
79.5258408
91.7724686
94.0044708
95.9132462
97.1586456
93.9433746
85.5521011
81.7564087
86.5636368
91.4486542
95.9968719
107.032776
113.252731
104.315567
82.7772903
71.6644592
82.1611481
94.2421265
105.572853
