16.1393356
16.2852936
87.4555817
90.0272675
92.0885468
86.19487
78.449028
85.3169403
96.6263275
95.2024841
86.0483093
85.3914032
91.3587799
93.8562241
92.7314453
92.7919922
94.7145386
93.5206604
83.4910965
79.4780731
90.4481354
95.6954498
97.4863052
111.906784
115.460861
95.545433
85.6909561
88.1920547
88.0199738
82.8882904
75.2652893
67.4806137
79.4970551
97.1810837
102.372398
104.568375
101.101799
90.4405289
73.7322235
82.4269714
111.145416
112.83036
98.4641113
90.4243469
85.1157227
77.0477219
63.9785614
63.7619934
90.6431351
116.968506
111.045441
94.8298798
89.3805084
80.2389755
73.0684509
81.9790878
96.314682
99.0390701
96.0005035
94.3245621
85.3481903
