16.1469059
16.2425919
79.7052994
110.36116
117.683464
77.333931
76.2953796
98.6113892
123.173279
123.606552
61.893074
70.586853
103.468628
54.078701
72.9141998
107.968842
99.422905
123.331085
117.253677
73.1769867
60.9354248
126.556458
100.450104
54.2648697
43.7372437
93.5517426
138.474274
109.160507
62.0704269
57.6550674
94.6019135
77.5268097
123.411545
100.212006
60.1592598
111.65564
69.8655853
107.923752
73.0930634
78.3536911
98.9691315
25.7077599
85.4826813
37.4699097
138.244537
134.126068
82.693573
88.2193298
80.613884
127.149681
131.867172
46.1653595
70.2736206
144.42308
72.2613297
96.7216492
59.4221573
48.9505844
32.1559372
50.7310867
69.7849884
39.3491631
148.966583
37.9389801
68.5679398
71.7481079
143.868256
39.4177856
120.239502
137.277557
116.860611
134.053314
118.408203
151.134125
74.5189056
29.9802284
122.800674
70.6199646
47.6075401
138.577759
89.2767792
68.7087402
116.253693
116.861481
146.018387
41.3033371
118.494705
162.282135
60.4436111
86.3885651
47.3922501
