16.1405735
16.2811813
71.0070419
108.163834
123.191734
72.0757523
83.849823
62.9858322
61.5593948
120.530624
68.1694183
71.0803223
97.6989365
59.0236855
91.1395187
102.582825
61.9397507
66.3666306
85.189621
65.1183319
120.680099
55.8008118
76.8080139
57.5000687
47.7524452
128.890549
120.936592
131.67952
115.764114
64.3439636
58.9230728
101.623672
112.866585
59.3236237
73.8601837
104.109924
59.9676895
117.295052
95.4802933
82.4298553
104.684479
136.935394
57.3853111
124.103867
38.535965
79.975502
125.406136
84.3525009
76.5883865
95.6148682
114.060257
113.610046
76.7172089
96.2190094
80.6002731
90.0273743
83.8550034
75.8092194
118.093155
47.2251282
54.7901802
