16.1416397
16.2697411
87.6199646
89.8703766
93.5411987
88.0994415
78.7976837
85.0219955
95.6640854
94.8366852
87.4159775
86.4976196
88.9854889
91.2875824
96.5353088
98.6125336
93.598793
89.4901581
86.6719055
84.8457336
86.1186371
87.4398117
96.6041946
119.721771
118.736679
100.363922
90.0959549
80.7035294
73.9411316
76.5666962
82.8409119
78.5130463
80.3078613
95.4125977
107.654922
109.472443
102.536026
94.1744156
89.6353455
76.9644928
65.5978546
77.2534332
89.687027
94.2740021
93.4325104
93.3216553
105.55233
119.499336
108.718033
74.7620697
59.3583069
76.3678284
87.9922791
99.8302078
114.321053
108.210678
88.0323792
74.1033325
77.5090179
83.7778549
94.170166
