12.6538677
16.5449696
86.5471039
68.025795
65.4407349
88.895134
78.0590439
109.45372
113.993164
72.1859665
66.8323441
86.7777252
67.4275513
66.0832214
98.8186035
111.042664
120.583313
63.4762573
76.8553238
76.4384308
63.1417542
111.777275
111.10614
112.101166
88.1708832
69.9608231
102.204178
114.629807
110.484566
112.836914
110.468056
80.4054565
51.0440979
95.4346771
49.7527351
94.4048462
99.4681549
63.3268585
72.0200958
93.4113083
72.4356537
69.0044022
91.688797
81.3986053
61.8570061
115.850922
100.822281
61.3973007
70.0651398
85.7800217
124.916794
77.9806213
108.394241
83.1500244
82.342865
60.3505821
115.956009
71.7633362
86.0506058
98.2770081
71.3774567
124.705269
117.561325
122.720139
112.433846
119.079941
80.1686401
105.027359
99.4742813
94.2127914
67.1802368
73.3787231
79.1151581
75.3237152
113.048866
54.7671204
