12.8449602
16.5722942
104.344688
92.2965775
94.6323242
117.828209
85.7227936
73.2077789
109.234192
91.3104858
101.667023
64.525177
63.5805588
59.5649033
76.1421509
82.4266357
71.1282959
101.676666
116.283058
113.905472
84.8281555
98.3850327
106.344078
64.494133
64.2022018
86.0031586
86.3742523
66.8049927
72.2490082
89.4032593
62.9828682
85.0776825
116.765915
132.71582
72.0397491
55.2487564
66.6414185
51.8476791
51.0061722
66.2428741
111.074722
98.3528595
94.5206985
105.171417
59.5252647
99.0411682
64.7457962
89.7018661
60.8915062
84.4665833
75.6083527
102.216103
134.898163
56.4241714
113.613884
92.2343063
82.4771118
57.5762939
125.648895
69.6278076
51.2753296
