16.1393414
16.2817249
86.2563019
88.8321381
90.9985962
85.4052429
77.7369537
84.0032425
94.9486084
93.9017181
85.3252792
84.4718781
89.8469696
92.2465515
92.0289612
91.8097076
92.7415009
91.7925491
83.6110077
79.5539551
88.2556
93.1248627
95.4699173
110.071838
114.857552
96.529129
85.3689117
85.3623199
84.1954346
80.1173401
75.0378265
68.4860077
78.0238876
95.2550812
101.079056
104.422379
101.412476
89.5502167
70.6894684
77.8732605
105.500504
111.461365
101.785828
92.9364929
85.3021088
74.8498611
62.3502731
62.8973694
86.6584625
114.628761
116.727081
100.281677
86.7375488
72.178299
65.8845062
74.9386597
90.5629654
100.602615
98.6782532
95.1412201
85.5363922
69.6721649
65.0705643
68.8402557
96.7322845
129.692749
116.873627
89.7542877
84.5272675
70.0946503
54.5800629
73.8138428
97.2833939
109.24762
121.864944
113.025978
