12.8985977
16.5796852
97.1289368
92.7541962
86.005043
84.0775757
86.5628815
89.6242828
90.6100159
90.0808563
92.2596893
90.0331116
87.620636
92.263855
96.7550888
93.6711578
87.1688538
87.1075211
88.4470673
87.6122742
90.4604034
88.2138977
76.8760223
72.1590042
83.691803
94.868454
95.8766327
94.5978546
94.6366577
96.5894699
94.7119217
85.0696793
80.927063
82.7963715
84.7844543
87.488327
90.8807831
99.206131
114.22702
108.309555
79.1696777
64.7357407
75.1609726
89.0518646
94.9763336
98.4741669
99.2644653
96.6329041
88.6666565
81.4216461
83.1802063
87.9733582
94.3630829
104.270416
107.909805
101.443085
84.9388733
75.0612488
82.463623
91.46241
100.12767
106.523499
99.5066452
83.1450043
56.0059891
51.1619263
80.8919601
96.7898865
97.825531
111.938538
118.394897
103.150787
67.0865936
64.3022995
99.7758789
107.328735
91.063858
79.5439606
100.821259
114.518341
83.579155
46.8246994
54.4074097
83.0247498
86.9955902
90.1366806
110.399849
130.607452
135.036774
106.681305
61.5277252
