16.1413212
16.2822838
92.544838
89.4427795
121.321167
112.224075
99.8181763
66.2975159
57.4548492
90.6749039
71.4579163
95.8423843
82.3685379
127.741737
113.892097
112.248154
107.661552
76.9437408
107.792374
117.152725
126.883255
130.233704
103.091637
111.949364
78.0731049
42.6714516
89.6424866
133.472382
33.2364349
66.6755676
44.5974731
44.0183563
106.907135
67.4058762
97.2713089
102.824944
90.3683319
127.893356
116.333061
57.7579346
29.2436867
34.4128227
143.931213
8.62841225
144.816284
112.647896
