16.1386185
16.2801495
98.8755798
71.067749
78.2605591
115.257057
90.826767
99.5883331
84.7268448
57.0392914
109.565491
76.6010284
124.055176
56.8097725
64.87117
112.766228
113.98436
115.153671
90.178009
61.3326187
60.4580727
51.1732712
71.3540573
48.7573051
75.6790314
101.939026
34.2034225
139.59108
61.5047379
73.7362518
80.2570267
108.21624
121.196075
80.7994156
130.934723
56.1458588
67.2294235
119.123772
98.2566681
43.0997162
115.896606
10.0391235
76.3652115
125.955887
7.09184742
70.4912338
24.1305351
81.2215271
84.2843628
69.8490372
33.0373306
74.8493805
74.7076874
116.229019
128.006927
