16.1363411
16.2998161
90.2831268
90.5763321
91.2076111
92.6446686
99.8505936
87.687973
87.1117706
84.2828598
96.9864883
85.2424393
87.1994476
85.7916489
93.4951553
74.4756241
92.1193848
85.8227234
88.6745605
94.9707489
96.9926529
101.431564
80.9485245
107.870155
62.0583229
91.3688812
89.3658218
90.7861328
102.603531
83.4515533
104.870621
69.9920197
83.444519
95.0814056
110.44873
66.5933533
72.7270966
88.493515
75.0858307
80.0498352
116.503448
104.893219
95.9983215
86.8082123
93.4162903
102.178589
99.1820602
93.7284546
111.235764
90.0668564
61.1291733
89.7007141
88.9709854
85.2847672
112.399612
108.323151
93.8173523
83.2250824
84.0886459
85.4305267
99.8288956
