16.1122265
16.2958794
69.8858643
77.9672546
98.9601898
59.4086609
91.607254
68.7033081
103.218704
54.9283981
112.062729
66.1282959
68.2791138
127.703468
102.365997
76.1935883
119.892746
77.7910309
71.0254974
114.774353
101.578979
58.1929245
79.3783569
126.868935
54.5166359
115.413933
48.601265
59.2908249
127.192619
49.7260513
92.9441528
79.370842
94.26017
102.569809
91.6237793
118.944504
85.8760376
102.056091
103.062393
117.457443
80.9971466
36.5634193
95.3143005
102.566193
108.408936
126.463135
