12.507493
16.5445194
72.1738281
65.3173676
61.7028427
62.3298149
77.7148285
107.335442
70.1629181
73.2168427
114.025558
117.800858
115.50164
62.9656219
65.8472214
102.448875
63.5120773
64.9673996
117.688599
110.468063
110.000656
93.7364197
80.0690155
65.9136581
67.4782104
81.3450928
117.118057
59.8307114
131.413971
112.914307
124.168655
121.428391
84.6851196
103.368484
132.470795
125.63311
129.719711
62.4763947
69.541748
118.966644
71.8458252
99.8244171
119.081177
106.500153
62.7842865
128.934921
127.836853
53.4796371
36.1453018
104.541183
113.372963
129.901825
140.742676
130.423981
72.4153061
66.9734039
80.7934952
75.0879669
55.5423508
52.073761
131.184662
