16.1188431
16.294651
87.7937546
90.3174591
93.7744598
87.0132065
78.0791397
85.9487762
96.5787048
94.5414124
87.0273056
86.526825
88.6171265
91.5391235
98.42836
100.033905
93.1399918
88.9809799
86.8106689
84.3848724
83.7233505
85.7048035
102.014214
126.143585
115.053741
93.4865417
86.7907028
80.6823044
75.6974792
80.7035904
90.1769333
80.5876083
71.0216522
85.3626099
103.394058
107.004997
100.430954
97.1035995
100.16803
84.384552
61.2303619
70.0642853
85.7143478
92.5839386
93.7045593
96.3323212
111.954956
123.828491
101.241577
66.7460785
62.6723328
80.8358307
89.6418915
100.367386
109.628357
101.06601
85.0149765
80.9520416
86.536026
84.8701935
90.6955109
