16.1418171
16.2573776
87.3602448
89.926651
92.052536
86.5333405
78.8657532
84.9774475
96.1854401
95.3540344
86.5055161
85.4628296
91.1346436
93.6472549
92.9491577
92.6365051
94.2595291
93.5054626
84.3460236
80.0436249
90.0753784
95.2507629
96.1254807
110.133942
115.641212
97.4102097
86.2477112
87.5225525
87.1816406
82.2994461
75.7822723
69.451889
80.4842072
96.1872025
100.745506
104.141861
100.781311
90.3016586
72.673233
80.7984467
109.21936
113.618919
102.056694
92.967865
86.1698303
76.5649414
63.9547119
62.2042122
84.6566238
114.955902
119.37999
101.82373
88.9369507
75.0904388
66.0170822
73.8880005
91.5519562
104.40905
102.783974
96.4515686
84.7106476
71.9224014
70.0366745
69.9776001
91.8051453
124.134903
119.195686
93.856781
83.6398621
67.6292725
64.0068207
81.1483002
85.2645111
99.7318573
119.315781
115.60321
