12.5033169
16.5363045
97.4392624
93.0538788
86.3450165
83.981514
86.2279739
89.4490433
90.7906189
89.9751816
92.1348419
90.3551407
87.6612091
91.7753906
96.4174042
94.1246033
87.7176666
87.1553497
88.4323273
87.1668243
90.6060638
88.8368835
77.2273712
72.3231659
84.3594666
96.1699677
96.4978943
94.5012665
93.1491776
93.1877441
89.4265747
81.3694916
82.7764587
87.8986664
89.6059494
90.6447754
92.3058777
98.063591
110.300095
103.781952
78.87677
70.17453
82.0451202
92.33078
93.5679016
93.7032013
94.0322342
91.7620773
86.4149551
85.1638031
89.4743195
92.5577698
94.5820007
101.100769
103.657684
97.5917511
84.0979843
78.2647095
88.3184128
95.780838
100.850952
