12.6467667
16.4918957
75.4907379
91.5866241
80.219841
92.7334595
75.3092957
94.2316132
88.6817017
94.723999
92.5243683
63.5890579
82.5255585
90.2015076
62.3319931
119.330887
76.2503357
124.165367
105.986397
65.391571
79.4892731
72.2200317
68.3253098
119.851707
106.067719
94.5876312
64.2686234
57.1701431
122.597397
123.089546
79.9424438
69.0558777
88.1119385
102.180267
47.4401627
70.9350739
75.6099854
74.3583069
131.917923
84.7125854
71.8365173
61.7062836
81.2268219
124.161942
110.113503
70.5135651
