12.1474228
16.4881153
76.4311371
111.89576
71.1512222
95.7851715
97.2760162
104.693359
68.3733444
96.9217377
79.4809647
85.5376587
106.368637
96.8251801
73.3395691
116.896187
92.6426773
117.641083
104.659927
109.754318
72.5268707
119.603668
70.4981918
94.1337128
112.814423
84.0084229
113.257149
62.3603287
71.9080734
88.6937332
109.714325
107.046448
120.262604
131.102417
74.0511093
127.606277
96.726944
62.076664
112.231865
71.643219
74.8222351
70.8782196
106.137466
72.0139008
112.68486
71.9240417
79.5411682
76.258606
65.9552765
132.726776
65.8943634
127.887169
59.4870377
112.319672
73.3045731
111.364441
110.267792
95.3063736
61.7021561
100.576637
64.0625
74.8269348
133.9991
72.7319794
57.2285919
81.8172455
52.6445236
56.4835663
43.5494423
83.6982498
67.6825562
73.8446655
98.5329208
122.381714
119.012558
113.449997
