13.1131058
16.5984097
94.25177
74.702446
117.486656
61.9236259
89.1211395
78.0614624
71.5923157
98.8377762
69.7157516
118.876541
124.68589
56.4886398
89.1268845
118.151215
69.504425
111.503021
114.493607
105.840469
110.500305
59.3687515
86.3348999
119.188309
68.0400543
82.4125214
67.8471985
64.1446457
69.3070908
110.905106
102.943924
60.2057343
100.997101
130.639343
65.0044403
52.4132004
52.3333359
93.8555832
128.640808
106.946182
73.5990982
73.1832809
112.788361
76.6509552
103.269043
61.4933853
95.0104218
85.953598
57.1885147
133.976059
70.0438766
61.3086815
64.112381
48.8897324
77.7458115
82.715744
108.43071
78.9252472
50.0141869
55.7495956
115.29451
