13.021883
16.5899391
112.227295
66.3317032
98.3987579
64.2511749
107.118683
80.0576172
72.8634033
116.507729
72.3444824
69.1832581
63.3038712
76.1335602
66.2272186
113.416534
59.5046158
120.955612
106.633881
95.0418777
99.4982147
120.994598
61.9515762
93.002388
117.702087
112.650604
77.7834549
117.285568
82.3618317
110.232491
89.4241867
96.4776535
102.225601
93.0030212
51.8988953
58.5318604
120.202927
58.1657333
117.195847
81.0873032
100.282867
97.009079
111.332474
116.104836
80.5201111
77.1339722
106.952393
92.2335052
71.9874573
62.7250595
82.4193726
101.646606
92.6674042
89.4139709
69.9511108
62.3092422
117.633789
113.292511
106.283768
124.973251
92.5154114
54.8467178
135.007416
117.634644
68.703537
105.767815
120.704384
97.4279175
46.9250526
61.0182304
121.196686
102.441734
83.7155304
108.256012
112.865723
87.9340439
