16.1418304
16.2703991
82.4876022
111.730103
97.1352692
64.6492615
74.1546402
117.001953
106.485077
72.9683685
64.7547302
82.2577667
117.967636
123.251099
67.5118408
88.2064667
93.3040924
120.923767
85.2070007
113.347557
69.1152649
55.5641327
67.4163666
89.733551
117.503479
116.432022
84.8255081
71.9397278
133.636322
65.1032104
74.2205048
119.744934
89.5954895
126.76638
96.5269318
108.218414
104.478897
123.690018
68.5953979
72.3721771
66.1431274
38.2131767
68.8070908
120.519211
138.676559
48.8120041
131.156387
64.3837204
92.3393555
101.6707
98.2058792
132.363831
89.615509
86.604248
92.5156937
92.1617966
69.0022125
73.8535461
103.802299
76.5269012
102.167297
