16.0949059
16.2941036
51.1540985
47.9758186
49.0854912
54.0017395
55.1315918
50.4124069
43.983696
41.8294601
42.3761673
39.8609467
37.1851234
35.9922409
36.41745
34.5737457
28.7355499
26.5322437
34.3849411
33.579071
28.1396999
25.7095776
26.6149216
34.2895203
37.4374962
39.3479462
37.0159111
29.4789944
22.220562
20.5500336
23.0149136
21.9999657
16.0861893
17.6613998
26.5588989
37.2137375
42.7606888
43.1270981
40.8568878
30.2147179
32.7816734
41.1199951
45.5090942
46.8542976
43.0165787
32.9809341
22.2580261
31.8272514
45.4494629
49.4449272
49.2514496
50.1750832
47.5570869
42.8276253
45.3266373
52.1545067
52.3986511
46.4259071
47.7564468
52.6705322
50.4187622
