16.1484642
16.2621346
87.1809998
89.9404602
92.0297394
86.489296
79.0216599
85.2478485
96.167717
95.0603714
86.5051727
85.6818237
91.3014984
93.5841827
92.8671112
92.5501633
94.2019119
93.2524338
84.1914978
80.5687561
90.4320145
95.2459412
96.698288
110.688354
115.691483
97.8199158
86.0229492
86.4395599
85.1478043
80.5249786
74.7622375
69.8274384
81.7018585
96.7342529
100.010643
103.82029
101.741508
87.8018417
65.6250763
79.4696884
113.605499
115.816582
102.722115
93.4885101
85.4920731
73.9599304
59.7739334
56.1944733
79.0236359
116.164566
131.72287
110.454834
88.1467438
63.1656189
52.269455
65.1281891
91.5976791
114.87114
111.187531
98.0205841
80.1342773
68.5037689
71.3915863
67.4702225
82.7460022
119.435791
127.328064
95.467598
74.3592834
87.9927979
91.3426666
96.6190491
48.0158997
57.7129517
92.6238708
88.8290863
