13.9528723
13.3463736
27.1162148
24.6290722
28.5655518
32.5450821
32.5101318
31.9585857
28.9162521
27.2315845
27.953558
26.9988708
28.4794636
27.8384418
22.092474
15.7519054
14.469841
10.2714977
14.9483232
21.5061169
18.1530819
13.1470518
13.6141195
13.6618433
24.0109673
28.9233551
25.6656113
22.6096954
19.0169163
13.4541807
5.91811275
7.01987314
7.20334148
11.569416
22.8127766
33.3706818
39.8562469
39.10429
34.5140152
26.7767982
24.8252754
34.9393768
40.3842049
42.3019066
42.6514397
35.7835045
27.0405998
30.1896858
47.6590843
60.8394203
61.2887993
60.4936676
59.6412964
54.551033
57.8093681
64.9813995
73.5661469
65.1927261
61.2009888
65.6416779
72.6460648
