9.46996212
10.3779182
13.9021339
18.09902
24.5625839
29.3916473
28.9011497
26.5437317
22.4306717
22.9744015
22.6131153
23.3240547
28.1320019
27.0766354
20.0633202
19.615818
26.9469929
30.1998043
27.2253437
27.2957497
24.5688858
24.3801556
33.8721924
42.0186729
34.1904144
17.4625988
15.0908594
19.9834404
26.3808422
27.5885563
29.7970219
36.6399193
34.8662224
26.1399078
28.2108192
29.795929
29.0674648
28.378252
24.3051586
3.99880266
18.9118214
43.8971748
37.0872765
21.355896
27.4430141
27.6827888
