9.43629837
10.5079613
41.8040657
46.1638336
52.5242653
56.7667847
56.2328606
53.7055092
49.9563484
50.2760887
49.4885445
50.3961296
54.2048569
51.4733582
46.1817894
46.9338951
53.6953468
56.6519203
53.8983879
54.8845863
52.4396095
51.2492485
60.6538429
70.0886002
64.919754
50.5548668
45.2144737
42.9972076
45.3392792
47.7990837
50.7061996
58.2921486
62.7143745
58.1297951
57.064312
56.4285698
54.2919807
48.8742371
38.5781364
29.3027477
47.1486549
69.7850189
65.6235428
50.883255
48.0392914
48.7082634
45.6122551
46.8638573
59.0348969
65.6710052
62.1251869
56.5856247
53.990242
46.9280815
34.2715569
30.085638
43.5783615
71.7016907
76.9529724
53.5422173
45.4122429
