13.954854
13.3604794
154.637436
156.400726
150.890991
146.040726
151.589691
153.668213
149.224899
147.336639
151.112518
157.635712
151.442963
146.878006
154.11731
167.96962
166.211365
160.928543
164.210129
169.575562
163.59137
157.024582
160.511917
169.735168
155.245575
155.812592
152.385544
157.567337
165.973724
171.417755
170.936157
167.172974
161.243729
166.377975
176.462372
165.781509
152.310043
147.113632
147.02832
152.912109
167.690857
162.852341
150.191025
142.447159
141.433624
148.544418
156.083115
150.324692
137.633194
138.929626
139.536896
134.7565
132.255737
139.276871
135.301208
130.832352
129.377747
138.749969
141.76239
137.84993
128.389191
133.010681
141.747147
139.142654
127.92466
107.702293
114.745621
116.581848
109.057228
94.8913651
104.57766
114.947945
86.6663666
71.9946289
83.5241241
94.1427307
