9.43885994
10.4823313
113.673836
114.758324
122.346649
122.072105
109.558731
105.8638
114.673279
119.762932
116.606224
113.22995
119.306236
124.997421
115.475304
107.567734
117.072327
122.315559
114.148476
105.539352
110.176743
120.291451
117.188545
104.246933
106.088348
109.75872
111.858002
119.713066
124.58403
120.05246
112.552887
108.417915
118.88443
129.757019
122.2127
114.092514
111.419266
115.326653
118.844406
99.7097015
93.1149979
99.6930008
114.905487
118.178452
120.503197
118.879852
108.007729
111.066711
124.758202
129.839355
127.128929
119.243591
114.571442
113.056313
101.384216
88.9337234
100.241074
106.552597
113.139107
128.90274
113.250465
