10.4004736
11.4043407
25.1217709
29.8346596
28.7126102
22.5233212
20.9563923
24.689209
27.9574623
28.5227985
28.3165264
32.3804131
36.2002983
32.8383713
28.6967525
32.1248322
33.66745
33.1112404
28.3579826
29.3367519
33.7900734
33.4772644
31.2501984
30.0549679
29.3324394
30.8018074
36.0228729
43.6567612
47.422863
52.1092987
47.8391914
44.8938103
48.2443695
56.7884216
57.3955612
57.3825226
64.9393539
79.1548996
62.7247543
33.4822998
23.2728081
27.0073395
44.4766121
53.9648514
58.029747
58.3299332
79.4408569
78.9823761
68.791832
79.1302872
81.7953568
93.5750732
110.105659
96.6651459
69.5317841
40.8325806
26.2039261
37.9623451
69.3820953
82.1613693
84.5643845
