9.47695446
10.3677711
125.34169
120.397316
118.472816
114.624825
108.932884
108.332153
115.385567
118.876114
118.013687
115.331528
118.281662
124.121407
118.009415
110.536514
117.262985
121.957588
114.702499
107.549896
111.400055
119.846832
121.415848
113.861092
112.362465
109.611938
111.374886
117.337021
118.337921
115.243446
112.153801
117.732506
125.178146
124.947449
121.023125
118.52153
116.829048
110.674789
98.3606186
96.8186035
122.947617
135.50499
126.97718
120.692787
111.296974
109.770432
115.602333
112.624245
106.093529
107.403877
112.67527
117.796692
118.841347
118.130569
127.112114
134.590775
126.416588
104.796967
99.9869385
113.470367
123.072372
127.594093
125.096649
112.197845
96.61586
83.1128998
96.5863571
118.154572
117.98111
125.850105
144.249802
142.083725
103.983551
85.8067245
115.234749
139.207748
