9.42089176
10.5769482
83.5911102
83.4813919
77.5952454
75.7421188
78.5983276
80.9928741
80.661438
80.4414291
82.9054413
82.9677353
80.0758057
81.3838196
85.796257
87.8451157
83.4173203
83.1159821
82.8643036
82.4241714
83.1911011
81.5289001
73.4394913
62.9190941
61.8863983
65.0899048
67.4631119
70.5319443
71.5943222
72.1682053
69.8636856
63.3571548
59.9995499
58.9033318
55.1014061
53.4298248
53.92173
58.7773438
70.6185226
76.1916656
64.5512695
54.2686424
51.6978302
49.9340591
52.4619789
52.2266617
53.0541534
53.2351227
53.6367416
51.6427422
47.4212303
45.0503349
45.4723206
51.095314
55.7273064
56.067585
46.1588135
51.7273445
55.1702003
48.9939995
51.0723839
