9.45629501
10.4119501
35.7266655
40.5657578
48.3799095
52.9263458
51.1017685
48.2631989
45.2127991
46.7658005
46.3892517
47.0040016
52.2787285
51.4024124
44.1764679
42.9461212
51.1304398
55.0116768
51.4319878
50.5509605
48.1322784
47.7979164
56.9690895
63.4992447
56.4351883
40.9274826
38.4353104
42.9558678
49.0397263
50.2328911
50.8934326
55.9130096
57.7976151
48.4958878
49.3047371
51.6823044
50.8857422
49.1003799
43.9946518
25.3013935
38.548687
62.1925049
60.7861214
45.0494919
46.5063896
48.2632332
42.1735458
42.1779366
54.6263466
62.5719299
60.0702972
55.4954071
54.0075569
47.7896767
31.3886909
21.8788509
33.4783058
63.6451454
74.5549469
53.2446175
44.1295738
