9.42489719
10.6699791
50.3453407
70.7748795
73.2584
34.8515778
85.173317
50.7329979
60.2966576
70.4417114
57.145153
87.0294189
41.8889313
97.242836
71.7048874
88.7866058
94.4785156
59.296608
39.1625099
80.67379
86.9709015
52.3831291
33.5802994
94.2973022
87.8762589
56.8236961
62.6922455
70.35289
80.5650711
34.0399971
84.4472885
92.8080673
84.0743332
37.9445114
23.2884045
55.0860291
55.2171402
97.7610474
61.3221359
38.1308327
60.2937965
41.7925034
76.0415649
81.5361938
36.9147758
89.9971848
82.4572449
36.0690575
61.6265717
34.8838882
25.8738136
93.778183
66.9289474
100.997368
75.9897537
93.7932205
92.3786926
52.870533
84.4122772
39.1899872
30.329813
92.8768387
43.0192032
98.9208145
77.9753723
28.2792816
84.4578781
59.6904259
83.3930054
101.078957
46.4191055
33.5390396
49.7392311
68.7572479
47.2940636
54.1897697
30.7334232
97.5366669
35.3399773
91.2029343
65.6300964
38.2363014
55.2571754
23.9379463
57.4225616
73.8187637
103.557999
74.1973877
40.143261
41.9549217
65.3357849
