9.41607189
10.6178389
25.3069687
25.8561382
30.2005081
28.5256748
21.8577824
20.9463921
24.7133427
27.4523487
27.2878914
27.3302917
31.3589706
34.1789322
29.4031963
27.0978374
30.4179611
31.6881809
29.8796253
25.1992226
26.2852859
29.4876919
28.0456676
25.3680897
23.6148682
22.6366844
23.5805988
28.1923275
33.5304184
34.4255409
34.4267578
31.9192638
36.506752
38.9606323
38.6694221
36.5444832
34.2674675
35.9788094
41.2046814
33.9459839
23.9039555
20.1124401
18.6279392
22.534729
29.0644283
30.0980358
27.9968185
32.2416916
36.7778206
39.6376915
40.0543823
37.6780319
36.9502602
40.2011642
40.5800514
40.1216736
33.734127
29.5049763
31.0209274
33.6356468
39.8665733
49.462429
54.887722
50.2561417
38.8842964
33.2644081
34.4562035
42.0483398
45.9686089
42.1455917
41.0242615
37.7854042
11.2148561
27.0237522
32.6032944
35.6528206
44.3610115
45.0127602
12.7111139
36.4343681
31.4203014
20.3014584
27.8523464
37.4966621
45.3975754
47.9189796
42.99049
40.4037552
36.3642426
23.7045708
10.5105076
