13.3739958
12.9764643
33.2355499
38.7824821
43.581562
38.0557175
35.7990036
37.2264137
38.3466072
39.1073837
36.8124123
41.7295036
44.4432106
37.6478386
26.1186123
29.676609
37.741291
38.1581612
34.744854
38.7613907
39.8609886
39.4763832
28.1019936
28.9804649
39.5954514
44.0325699
47.6278381
52.9523125
53.4844055
50.1868935
49.1851082
51.8692284
43.5973969
31.2684288
25.0782814
27.6627827
36.0889626
38.7432022
43.1236305
54.5428505
51.9316559
53.3369141
53.9153061
54.3189926
56.3609238
56.8349991
51.5508575
40.2570076
26.5925846
26.8266201
39.3481636
48.9049835
54.4392509
48.1457939
42.4180145
38.0265579
39.3027
44.387558
49.5744019
44.4553223
47.5058174
56.5528564
56.8015633
49.2748032
19.2846661
25.8545551
41.4037209
44.9314079
35.3416939
43.2124634
53.218956
26.1446266
27.176096
34.7473755
70.4526672
67.9221039
60.8071251
39.6117744
37.8202362
47.0621643
30.9145565
9.96904469
20.1796875
54.8218231
53.1652145
53.1499901
35.5015411
39.4959297
30.795042
7.35108519
21.2409649
