9.48282337
10.3531113
27.4927311
27.5356731
33.0331955
32.2366943
25.6210327
24.0489845
27.9868488
31.2936668
31.192173
30.6989574
35.268528
38.9949951
33.9263916
30.0156517
35.0549126
37.1265831
34.8928871
29.2596016
30.5170422
33.5245132
31.7130604
28.0681477
26.8177128
26.324789
27.1796169
31.1142025
35.5017509
34.5944557
32.1444931
28.143856
35.3210678
42.3612595
43.1693573
40.8829689
38.2865677
39.7361412
44.0690689
34.8539314
23.8947239
21.0317059
22.9798088
27.620779
33.3505249
32.504879
28.3944645
29.7816429
34.9729614
40.9483948
45.1453743
44.449749
43.6047668
43.4037056
37.7236252
31.0141468
25.4207439
24.4828224
32.5478172
39.2321205
39.083725
