13.9540329
13.3567257
5.28961325
6.84088659
9.93739128
8.87373924
16.4760532
20.1772804
6.38693666
7.2326417
7.08991528
17.4732037
6.43861055
8.98990059
5.15943623
24.9987602
4.4836669
17.2418556
9.61887264
9.52980232
3.8009665
6.6749711
8.15078354
32.1850357
34.0249901
9.70850945
6.97153234
5.93025637
10.6074915
19.5680027
18.6800003
12.377202
16.5522232
16.064537
18.2475281
29.9446793
24.9721203
18.6126442
17.0230713
8.47542191
23.092556
36.7570992
7.80720663
12.9419403
6.11628723
15.4407768
15.8257427
20.4474392
35.7898483
22.5749474
19.119173
27.008009
11.3293638
7.32380962
15.9658699
13.8658419
9.7582016
19.657402
26.6478786
17.5790901
1.89144742
