13.9501104
13.2015638
76.9981155
76.1595459
83.7521973
87.0884094
75.2649689
72.6988144
76.0792313
79.6270752
77.3700409
74.3913116
79.7064133
83.7768326
72.9211731
60.5033188
66.1026306
76.6778336
72.8874207
66.2894287
72.2515335
78.1690063
75.3011856
59.2907562
57.7427216
76.8238983
80.5624847
88.2750397
93.6673737
90.2442017
80.8622208
74.2294846
77.6360168
71.5123215
63.0918999
64.2629623
72.5923996
82.0210648
75.8884277
75.7290344
90.1615524
83.8493042
80.0065308
80.8064117
83.8515549
86.9475632
83.1561508
70.5569687
57.2676544
50.9148254
59.4087486
80.4946213
85.9063492
86.1629944
71.0875473
60.835968
60.0079269
69.3284836
77.8035736
76.9354324
68.6755905
74.2254028
80.7122345
77.3267746
53.6330376
27.8702087
51.7655144
76.793457
75.5964355
64.6541061
60.6421356
53.9461212
16.9742432
18.1677761
83.4624557
92.1766205
