9.45729256
10.4331112
22.5445023
22.2938194
27.2112255
26.2199059
19.5170269
18.3076248
22.4416409
25.717823
25.712635
25.4188576
29.9437828
33.6485023
28.7555618
25.1592865
29.7797794
31.8259811
29.6080265
24.0154152
25.5357647
28.8858032
27.0693626
24.3147392
22.2360783
20.9761581
22.3626499
26.5962372
31.1682816
30.7920189
29.247673
25.6026402
32.8917923
39.4874802
39.8022385
37.138176
34.3542404
36.1343002
42.2041397
34.5729408
20.7706223
18.9622574
19.7539959
23.4553471
29.8288403
29.4824409
25.8651657
27.5670166
33.8316154
40.0558929
43.8156509
42.8221359
42.0837364
43.1051445
38.9426079
32.6234322
24.9376526
24.0664005
32.7298393
38.8722801
39.1436729
