13.3695059
12.9915113
136.133789
130.302505
125.251572
138.58429
144.521988
131.975006
125.930588
134.451843
142.832108
133.625015
123.735916
134.773056
150.190704
142.433121
127.886864
131.800964
139.189743
133.493546
124.975227
130.225449
150.072067
151.977905
146.253632
138.558472
129.556793
120.465919
119.067848
124.196381
119.904694
116.349388
132.042191
151.666901
158.815063
157.567032
145.565186
125.877205
112.501038
121.94191
141.035278
150.233994
144.456802
136.907089
125.104942
112.743805
107.07399
121.488945
150.737
158.705185
150.809677
137.520981
124.414436
111.892418
113.015846
127.797607
145.255463
147.696716
143.879211
134.028351
120.787704
115.522186
115.184723
117.608086
122.582497
149.311111
157.972153
134.813049
114.201126
112.099014
134.936172
117.672058
84.8868637
115.081749
134.622437
134.090149
