9.54188251
10.1989641
70.961731
70.3191757
74.8134079
72.9497223
67.1507339
65.2900772
69.3107834
72.7740555
73.8213577
73.1311111
75.9892807
80.7201309
78.8408966
73.6850662
76.8813629
78.1727219
78.5758209
72.7795563
73.6462326
77.5149002
76.3219223
65.4730911
62.5379105
67.8242264
68.4872971
65.0707932
72.9644699
80.7344437
87.9390259
85.8375473
80.5599136
84.5281906
85.7730484
83.7972488
83.0981293
86.8782425
99.1758347
104.774605
81.2325287
69.1400757
66.9760971
73.2304306
81.2464676
72.0293274
84.981163
96.4854507
101.922028
106.113083
107.051003
105.843704
106.908813
115.198357
120.654488
94.3026962
73.6096573
106.522316
117.72229
129.244385
129.343475
