13.3693151
12.9703941
92.2347794
95.2487793
94.1680756
85.1675262
83.8437653
94.9967346
101.031013
94.035965
88.392662
92.2425613
95.3734512
97.0402298
97.7957916
97.8520813
97.0494614
92.8644028
84.8688278
87.7730637
95.2551651
97.163063
110.369125
124.011269
112.419754
94.3014832
88.7713852
87.7982101
84.0735474
81.6529007
73.5441284
71.7423248
89.4880295
107.6782
113.646851
113.6726
104.746857
87.40625
74.0646896
88.5334473
109.6633
110.402328
101.078766
94.6189117
84.85186
74.0334015
70.7458267
88.4606323
114.341751
113.543999
99.8367844
92.8618164
88.1783981
83.3311386
88.1667099
97.009552
96.2851181
89.7978058
91.4698563
99.2818146
87.9812698
