13.4719448
12.975049
90.8180618
86.3270874
79.2251968
88.6087036
95.5675125
88.9279861
88.1281509
89.9926605
95.8224182
88.7311554
82.1209412
91.7322159
106.668228
100.23996
87.7162018
87.079895
92.8165665
87.3296204
88.3555908
89.9365082
109.356758
123.179352
76.4911041
86.3789368
95.1462479
103.066208
105.302589
102.344612
107.408516
105.474205
89.2289658
102.819611
102.760201
83.2021484
81.5163574
91.6503296
101.991463
110.417282
111.886848
85.6816788
80.1350403
86.2124176
97.1331177
107.078415
104.216324
80.5867081
73.3608932
96.9186859
98.8746262
93.1628342
97.7284546
94.4752655
83.9387436
80.5871277
96.7740631
110.666977
100.092079
82.9744492
88.2995987
