9.54964733
10.0158863
90.662468
87.1764832
94.510437
98.702507
88.5874481
81.1549301
86.435173
93.0869904
91.7182922
87.2762527
91.5192184
97.9661331
91.5732117
81.7639084
88.6297226
96.7919693
90.8384628
83.8040085
84.230278
91.4755707
95.6126862
91.8200531
86.2984543
82.2312469
84.6519012
91.5698471
96.4343491
94.2331467
89.3489304
89.3914032
96.6113892
101.012207
95.4076767
89.3796234
86.1011734
85.486412
83.7307053
68.5645981
71.8712463
101.584328
108.172462
93.7536011
89.1644363
90.0020752
82.2380981
81.755455
94.3345566
102.344131
100.095879
92.864006
87.7213211
82.0399475
71.9556961
66.8471069
78.2580643
102.826157
108.549095
94.0548477
84.2217712
75.1549377
74.4242859
89.5113831
109.954582
132.460693
118.038261
87.0021973
86.527092
84.3578339
58.2605362
50.3305168
84.2200394
128.043793
115.424217
71.7699127
