13.9508038
13.2346306
81.2505951
38.9604874
57.5952911
96.6496429
59.264164
73.6960449
93.5349579
83.9352722
78.1094742
39.7969055
91.9443359
57.7330894
89.54039
81.2377167
77.3722916
54.6103516
67.3256836
66.0563278
38.3531952
38.2759895
80.636055
60.1945801
30.5769062
106.489716
104.080566
79.3137589
38.820919
106.195129
50.8150368
46.8557854
103.394974
80.4093323
32.6093941
90.1535568
93.978302
91.0251617
56.1188965
59.1881447
108.176903
112.22435
84.9165802
89.9869843
76.722168
24.9624252
107.596581
93.3795242
73.3534088
86.2733307
84.6448059
101.191902
58.0355377
44.5486984
56.2454605
55.4866066
81.1363678
100.014648
79.0114822
32.9774208
46.567028
