13.4241905
12.9715195
45.8273964
59.6156616
44.1877708
39.3178596
76.9813385
34.8456726
62.5231438
76.2481613
42.2907372
77.0144577
70.1764908
79.9111404
44.6131172
63.3484879
90.5878067
83.4038544
79.9576035
56.6295052
36.3203468
77.3121643
52.2943459
45.6697502
98.6032715
29.1654587
25.613718
29.0211163
97.9661636
38.3913765
71.4629898
97.5288391
29.1956062
88.35392
85.9944
97.0569458
87.1444016
89.5209427
65.0823975
70.2526245
107.076141
11.7739296
17.0282383
15.4977932
89.1735229
75.9140549
32.4284859
41.7288322
44.5998611
38.8223877
23.216095
88.3700714
105.986313
96.5250473
64.9431381
49.5793571
29.055994
38.7393341
27.8547821
88.1706467
95.7052841
26.1466961
24.6445293
53.2983437
40.4885712
63.8290939
82.7671967
74.7162399
38.9967918
79.1802292
87.0041733
74.112114
96.4278946
87.8243637
30.3433914
64.9921112
89.0881042
92.0805893
67.1121902
71.9253998
55.754734
42.1652565
26.9157314
59.15271
101.830811
104.203941
58.5407181
42.3071404
60.7121811
39.7804565
26.6764812
