13.9500389
13.1968517
83.7383118
87.301239
85.9494247
81.2017365
76.4712906
77.3239899
91.9374161
95.5463715
84.5612946
79.7133026
90.0729446
93.2013855
82.0929794
79.2194138
85.5767975
80.370636
86.5831299
95.7510223
83.2202148
77.566185
88.277565
110.929817
113.416107
99.4301987
83.2049789
87.1780777
99.9132309
97.7725906
96.1927109
100.340752
103.377213
84.6018524
81.213356
79.3573151
92.1152573
89.1107407
81.8373108
71.4226456
78.955513
96.5707779
102.193451
93.0887451
83.6079178
80.4323654
86.5314178
75.5923157
76.6117172
69.1087875
62.0889015
73.0505447
83.6645889
95.4930267
100.008835
102.744339
89.0970459
79.6628799
86.6555176
88.8147125
86.8748856
73.0496521
78.7469559
74.6765594
75.39328
70.3563385
63.4413109
88.4249268
87.9495544
94.3116379
112.787193
98.4734879
104.354095
118.662842
119.311058
81.8144379
93.8760605
84.8545685
77.2229843
102.932053
130.627045
88.1358948
74.6661835
60.5440483
66.0793076
75.0171127
88.3620148
59.7539711
76.4908752
82.5853271
48.6224785
