13.7370453
12.9765244
138.675339
136.261093
129.267365
134.813919
147.171722
139.420761
127.244362
130.341293
144.448624
142.933594
128.202454
130.025574
147.722748
150.389053
139.125107
136.975388
143.459198
139.355087
132.061295
133.040619
153.954529
172.051651
159.95932
134.360825
128.013702
134.626266
137.14624
129.351151
115.023232
113.037819
125.501694
138.863388
145.693069
136.057266
123.676041
110.562325
95.7793808
108.857948
129.508743
122.893707
108.970093
103.486595
104.569351
107.612732
