31.0617886
29.9440956
123.365417
125.45919
119.677544
116.455933
120.256577
124.273209
124.944504
125.60894
126.327667
124.907112
119.261642
122.993439
136.460754
138.317932
127.524376
122.945839
121.759979
118.489532
118.758125
121.306747
138.268875
160.238907
153.478561
128.169006
120.041801
119.234245
117.031891
117.027328
114.668068
101.349884
99.4908829
122.182861
142.296555
146.889221
141.762024
132.147675
120.94899
123.651482
128.353058
129.876541
125.014282
122.146393
120.428146
117.278816
