31.1072636
29.9925079
30.3486996
17.0382061
55.4904137
30.8534679
19.1853104
8.58114624
57.2255173
51.0337334
15.7535973
18.8949699
63.3406143
60.3607864
44.8069992
47.8331757
51.2786407
55.1199875
48.1816673
33.5721893
53.6414528
40.3223724
48.2781296
12.5868874
40.6384354
30.6961651
41.0427704
52.8358536
30.0479279
56.4790955
49.2909698
45.1321793
12.9415293
50.1196709
21.1769733
56.9525909
58.7481308
4.79824257
34.0366287
27.9609737
34.1303558
26.4563293
68.5441971
59.8665962
30.4118729
36.4975243
61.9549789
48.497467
36.9044571
3.06126189
35.3010674
28.8911018
57.5956192
57.9740181
38.7335167
14.5785284
24.5994244
59.6204491
48.5927963
19.6432419
14.884901
