31.1197433
29.9935741
23.8348732
26.557909
33.6816902
30.487915
22.6703072
27.0811996
32.5027008
33.9911156
27.7251129
30.2025051
36.6046028
36.0904922
24.5572948
22.2850533
27.8631744
30.6773586
24.5453854
25.1267128
30.9784241
33.6068039
29.2424812
34.6421394
42.2019653
40.0724945
38.9221878
40.3607254
41.692009
39.5308304
34.1276398
34.4413605
38.4194946
34.240303
30.2057571
31.3595734
33.4322243
31.1200047
21.3625793
31.7753582
45.9712982
51.176506
51.4734955
48.9315186
47.163559
44.4440613
37.9648781
27.4353466
18.3712673
28.0494976
38.2848511
39.0662117
42.1651154
34.7390709
25.3126965
19.3663788
23.4414063
35.6763
41.0003777
38.8156128
31.8145676
35.7877502
39.1458511
33.5330238
14.7147503
30.5412464
37.5330086
35.4305115
32.0053139
17.8196793
19.9567909
15.1418324
26.3977013
41.1021156
44.0376816
46.7652016
