31.1083012
29.9963341
48.4233017
51.2338791
16.1383514
50.2629013
44.2630997
33.014431
34.0118179
55.4552383
4.85435867
51.6755867
58.5140762
31.9615116
49.716732
30.8605804
29.8708935
51.6885529
38.0093155
11.4203224
16.1063404
56.4730072
49.6244164
13.2006741
66.3628998
16.4511929
18.7936363
59.6465759
46.666523
24.5482674
59.2970505
42.0358124
56.7293396
64.5589294
60.7663689
58.8172188
63.2261581
60.1711502
7.31886578
38.9224167
60.6103592
58.8693886
77.1293488
73.8860779
25.8088779
22.5043945
66.7513123
46.7425613
13.2059669
20.6748028
67.6148376
24.97085
61.7324448
51.0447769
41.8942375
19.7093658
48.0242805
37.0767097
68.3441925
68.7325821
13.5629253
