31.0976543
29.9824715
131.922913
97.8820648
135.303375
100.933228
128.664032
110.430847
71.1821671
142.434967
80.5415497
83.8680801
72.5485077
114.610001
65.4455032
60.881218
50.957325
124.559334
105.702362
60.2586517
111.099419
114.619583
72.8717422
98.6709747
110.283524
126.485405
83.2976608
102.36908
167.566788
159.902847
116.74614
121.953026
44.1116714
109.016136
111.974716
142.012421
133.190063
165.590332
81.7582092
135.69696
83.0325775
112.26564
113.438019
135.299164
91.8894958
116.192871
124.133827
51.0715942
30.7827778
94.0300674
102.163605
128.779465
146.444946
142.065872
110.244255
95.9229889
57.0932007
87.4075165
95.4044952
56.5637817
62.5130806
105.010422
88.96035
56.2948532
51.2501907
26.0422535
59.6164856
95.3844528
98.0439758
127.317131
39.620018
52.3151093
47.8487549
12.8323517
92.0995255
109.963852
