31.152422
30.0297947
90.4148407
126.279518
120.974648
126.44059
89.4778824
105.836411
82.3706284
126.055183
136.382721
126.962921
126.342613
132.519562
73.6782532
109.953979
90.7423401
112.488762
112.883286
65.6065521
72.6354065
76.3070755
92.0906754
109.683517
51.1540833
107.288727
102.256386
154.026718
138.286896
146.809082
127.146172
68.4293365
46.072731
66.8659821
101.650467
119.684311
96.5911331
102.216827
86.8142548
85.7752533
105.117966
83.5512543
68.942688
110.341698
88.8994446
131.091293
72.7183533
46.2603226
73.9071045
74.3788834
87.7567291
109.116196
92.2905655
137.598328
100.316063
31.1297188
51.0257263
80.1896057
76.920517
56.6569099
79.7675476
