31.1382389
30.0412788
143.78569
145.261261
137.082642
135.806122
144.28688
146.50238
141.368683
142.752609
148.071762
147.081024
138.078979
139.695572
156.46933
160.654465
146.542282
140.242157
143.83313
142.892822
139.716263
138.81868
152.187714
171.674225
167.013275
154.0466
143.981064
135.746002
129.99588
131.541931
132.821136
126.250008
132.009705
153.285339
166.224762
169.353729
163.132507
147.972183
128.177643
125.260452
135.556427
151.178833
158.526413
152.674057
143.57045
131.153671
122.207764
127.642502
150.87442
162.871307
149.001465
149.005951
140.127747
128.509171
127.326813
136.931625
146.875
142.415375
142.146103
150.21196
144.158829
125.550529
118.066116
127.716217
154.76355
166.558624
158.574677
138.883591
142.689819
127.767769
104.360123
125.050697
136.119446
143.898727
175.828094
162.065689
