2.97871542
4.76318932
28.3530788
28.5825653
25.6633167
24.8210144
27.0834084
28.4082451
27.5872421
27.220211
28.6004314
28.8212204
27.0149822
27.3390312
29.7459278
31.3123436
28.6835194
28.3794365
28.650547
29.094841
28.9258995
27.4900074
23.3981552
19.1419888
18.4226589
19.167944
20.0664215
21.3304596
21.940258
22.4755764
21.8398056
18.6205788
16.0017033
15.8774204
13.7104874
13.2991447
13.7316408
15.7636223
21.9315643
28.0803719
23.4858551
14.0762463
12.8679314
11.6691494
12.9047174
13.0668373
15.1211081
14.7964983
14.6255493
14.3519726
11.158886
9.83108139
10.5152731
14.5424995
20.2242565
23.8390446
14.6780071
16.1602364
19.012579
13.304327
15.8844824
