3.14072227
4.92031527
28.3963966
28.3043499
25.2235355
24.6121273
26.8841896
27.9003983
26.9530067
26.6234074
27.9716778
28.0036755
26.2790527
26.6496696
29.3828087
30.7388783
28.4194851
28.0602875
28.7875881
29.716095
29.5381546
27.9244213
24.4979515
21.9647522
21.2908707
21.6104298
22.0313835
23.2401505
24.0655365
25.1857433
25.2946682
23.0171528
20.7722378
19.2641335
17.8892365
17.5558376
17.6254635
19.348568
26.0738659
31.8767529
28.2293053
18.5125465
16.1087856
16.2666817
17.661108
19.1423168
21.5320053
22.4563046
21.791441
18.4751663
15.7379942
15.6364679
16.5788116
20.86796
25.90028
29.4976139
24.9889603
21.4873962
20.4761467
19.3182201
21.9466591
26.6727219
27.8735924
25.1554146
15.4003334
5.0646863
3.86860251
7.90448332
8.67855072
13.1568871
22.6037483
24.7208023
10.6415071
15.7351933
14.7092648
16.37953
14.6879187
13.2213116
12.9628525
20.4217701
14.1402464
10.4110308
12.3378334
6.31123304
3.58940744
3.44845557
6.15410757
17.4058399
25.3916721
16.8752556
9.7496109
