3.27365112
5.06629801
28.464056
28.1438828
24.9828205
24.8047123
27.2376518
28.0612926
27.0213146
26.9745064
28.419035
28.2422218
26.5716705
27.3791618
30.1130314
30.9563675
28.3794861
28.314909
28.877037
29.6892166
29.1508579
27.5578861
23.043951
20.5267334
19.6672478
20.2611732
21.1237431
22.419735
22.932373
23.6058826
22.9709892
19.6397095
17.2265568
16.1622143
14.4164753
14.307457
14.833909
17.2211094
24.5251274
28.5240974
22.4338684
14.6615677
12.852787
12.326499
13.5811701
13.972105
15.8312855
15.2298603
15.1855612
14.0538969
11.1286697
10.0939856
11.264513
15.8183308
21.6617279
23.3713703
12.4767494
18.0809612
17.8685551
12.9112854
17.4226971
