3.23978186
4.99746656
28.3921928
28.2833233
25.1650372
24.7098083
27.1582832
28.1044788
27.135746
26.9551411
28.4605389
28.4808407
26.6419392
27.2584743
30.0993595
31.2299366
28.1640949
27.8392296
28.7138672
29.5452099
29.1928024
27.7872124
23.8142128
20.5598736
19.6418037
20.2064877
21.0580635
22.261467
22.9633904
23.7376423
23.349556
20.248476
17.1306896
16.206171
14.6395769
14.2923794
14.727437
16.8526497
23.4010582
28.7954865
23.6217098
13.8999634
12.8138371
12.1923571
13.4408064
13.621541
15.6338425
15.216712
14.9541922
14.6246958
11.5217781
10.0669003
10.7679491
14.7973948
20.2336082
23.5452919
14.5096645
15.5154667
17.1912231
13.1166153
15.7673912
