4.76726294
5.17498779
28.3878784
25.3984718
24.3226738
26.3385067
27.6157246
26.820961
26.2205467
27.4000034
27.7435188
25.9661789
25.8686028
28.4127254
30.083952
28.0342903
27.5671291
28.5292912
29.7474442
29.9049015
28.3619919
25.5318336
23.0940647
22.4586143
22.0953197
22.61726
23.7118378
24.661005
25.7962856
26.1543713
24.2748013
20.9904308
18.8356037
17.556509
17.5091171
17.8442898
19.5454655
26.0295677
32.4828224
29.2772141
19.430378
16.4152813
16.3714905
17.5913887
18.9104595
21.2722435
22.1871986
21.6417885
18.6433754
15.3629789
15.0050001
15.6758957
19.681921
24.6299572
28.3796806
23.6676674
20.130373
19.8954716
17.6696339
19.5989552
24.5373001
25.8836212
22.6367416
13.4544067
6.60484028
3.08588815
4.03311682
4.66811275
7.40591955
20.0015335
22.199667
7.30532122
16.5177135
17.4609241
13.2554445
13.1928577
