4.8783555
4.71041489
32.6100159
33.3532791
30.5128288
28.6339283
31.4745636
31.2642117
30.3874817
30.9074154
31.5326786
33.1709671
30.4315777
30.4137497
34.3295021
39.1244888
38.3466072
38.7331848
38.2617569
39.5318909
36.7386551
37.8695641
38.5972824
49.1226578
55.4123344
33.0150414
33.4149475
35.5624008
39.2392921
41.8073387
44.0997162
50.3546944
49.6797867
40.507122
45.1068153
44.0718193
32.4472008
29.625843
32.8277969
37.5678902
40.2856483
41.0868454
31.104641
28.4938679
28.7022781
32.8510094
38.1823044
40.5007515
30.4300327
28.4842339
31.4166718
24.849041
24.0413971
28.1826096
29.6482162
27.5406933
23.8074169
27.9234352
28.8965569
26.3215561
23.0056076
28.0305481
31.2547207
29.6943474
21.4326591
22.8296814
24.1132412
17.0775299
12.9198828
11.9248142
24.6239147
21.8940582
6.91841364
20.6706905
19.2110271
9.35519409
5.99313498
1.89666712
12.6033878
21.2944717
18.8611774
3.69529462
12.5933609
14.3945313
7.79865026
7.43602943
5.92163467
13.5637035
15.5114384
2.78313446
9.98095608
