3.22126889
4.98737192
28.3902092
28.1926384
25.0602741
24.5023804
26.713335
27.7455845
26.7079468
26.3504276
27.6386719
27.6336479
25.8687744
26.1440735
28.92523
30.3667278
27.8692226
27.7694626
28.9261684
30.199194
29.8944397
28.307354
25.1212521
23.0969543
22.2240448
22.0470104
22.6627674
23.8221092
24.6688271
25.8492889
26.0789814
23.8761978
20.6266823
18.6016655
17.2177601
17.1093922
17.4653549
19.466404
26.2880783
31.9474792
27.9848824
18.1134968
15.7160559
15.5588999
16.9517574
18.132309
20.3057575
20.9143658
20.3503094
17.5357151
14.5513496
14.1535645
15.1153297
19.3711319
24.4084587
27.6498642
21.364769
19.7733173
19.4706669
16.8970165
19.4652481
24.525774
25.371397
21.2565918
10.6959257
8.88737583
4.18914604
4.26902771
4.41692209
10.6009483
23.2431793
23.3766937
3.72134066
20.8398266
17.0426311
15.4072571
