4.71022701
4.68203878
33.0501976
30.4797058
28.9396343
32.259655
32.2393188
31.8051891
32.7983551
33.7855034
35.600338
32.6445236
33.5770378
37.235569
42.5271721
40.4475136
42.0864563
37.660881
34.1554298
36.7220955
38.5696869
36.8548393
44.887989
41.6379089
28.2377834
26.7064705
28.7392445
31.9051895
32.5932617
30.8584366
32.8492432
35.5717659
32.7299919
31.6207409
27.9689236
21.4109364
17.0696583
15.6658792
17.1385269
20.6795616
23.853529
16.7363415
13.7298965
13.744091
16.4810333
19.4592094
22.5445328
13.430459
8.11573029
16.3542538
10.5959854
7.97067738
7.65496254
9.74703789
9.41766071
