4.70891237
4.68618202
32.9606781
29.9930439
28.34165
31.2321777
30.8931637
30.1542854
30.5557899
31.4412117
32.8788185
30.136198
30.2007465
34.3393784
39.0158386
38.1713562
38.4230232
38.139267
39.3916168
36.5245056
37.5393639
38.6548729
49.6363068
55.6590233
32.5241165
33.1560249
35.3274193
39.0780716
41.5247231
43.8613358
50.4100342
51.0539398
40.9951591
46.1932411
44.2302094
31.5605831
29.0961037
32.804554
37.6274834
40.6182518
40.2473145
29.2571564
27.3822117
27.7388496
31.876585
37.6987381
40.8272438
30.6229553
27.6321316
30.6500378
23.3070049
22.4604015
26.5933552
28.3304157
26.5863247
21.9845123
26.5979881
27.412714
24.0383568
20.3937626
26.6508923
30.9240532
30.3620758
18.5424671
21.5279427
20.110611
13.668745
9.52524948
6.10717583
20.6829643
18.8393364
8.33786297
20.3570156
14.7413483
6.223001
3.6407876
