4.71434593
4.68027544
33.0904274
30.2705383
28.5039272
31.395771
31.4283638
30.5393887
31.2700405
31.8729248
33.8591995
31.0193825
31.2197437
34.9530983
40.3136482
39.3682632
40.5555763
38.8134041
39.4597359
36.8618088
38.8679581
38.9611588
50.5850143
56.2469177
32.0095863
31.2208366
38.3660736
44.3543854
49.4460869
51.5265961
53.8333893
44.8115196
38.5744553
41.2115631
42.4861107
37.8996735
29.9076233
37.3321419
41.4842567
32.8689995
34.095787
24.8405266
23.0405998
25.7830944
35.1204796
51.4807663
52.2423325
21.4489517
21.8608704
22.6891823
16.6584778
15.6849709
38.7752342
56.3727112
32.3991547
4.30180836
13.7485523
16.5271206
14.1478024
5.28038406
24.542675
