3.04828763
4.81630898
28.3140144
28.4479713
25.4064713
24.4126358
26.4754524
27.7043247
26.8755322
26.3110485
27.4825172
27.7219944
26.0392914
25.8930264
28.4168854
29.9736023
27.8627167
27.5006485
28.5172977
29.8437405
30.0626755
28.6145496
25.9657326
23.9965572
23.6641521
23.0905247
23.2933292
24.1165943
25.0477314
26.2034588
26.5954952
25.3302593
22.6409664
20.3668308
18.7353287
18.3197403
18.6476631
20.4239635
26.9083023
33.4778481
31.4308033
22.5727177
18.5198174
18.2827301
19.1510067
20.7130089
23.260931
24.3731232
23.7541332
20.617857
18.2655144
18.0081768
17.7213516
21.7578354
26.8732052
31.4036999
28.6965389
24.4699669
23.0248814
20.9806938
22.7323017
27.7864437
29.8428001
26.6012611
17.8267784
5.91004992
6.70374966
8.93628883
8.57380581
12.8730345
24.1252632
28.4970798
16.0585499
16.4388676
17.3270359
18.4933414
17.4681854
16.0512581
17.2140388
24.2603779
20.7146416
11.7298355
12.3941526
5.40580559
3.51906228
3.58836889
3.84370184
16.4701862
28.1375084
20.0652142
10.8753252
