4.71044588
4.68615055
32.9655075
29.9431877
28.2900829
31.5171566
31.2084904
30.1208382
30.7294655
32.1679535
33.8382263
30.1833858
30.2882652
35.7071533
40.8118401
37.8139725
38.4775162
36.0769119
36.4931297
33.9131317
35.0807571
36.7150345
51.0637703
56.6448364
34.4269257
32.4430237
35.2476196
40.1941299
44.5018387
48.1269989
51.9116631
41.388958
37.0212364
39.7833099
39.1677475
32.7833939
24.7259197
28.8740826
38.5262375
45.2087593
41.8823318
23.8715878
20.2221985
21.6050358
29.290966
43.4911652
46.1237869
20.4988537
19.214077
33.2748566
21.5746574
13.257637
15.9570932
29.6196785
26.7083664
12.1806431
17.5053444
20.2700405
9.51942539
4.62212276
16.9166908
