4.70887089
4.68771315
32.9478531
29.9951611
28.4817085
31.5178432
31.1552963
30.5678978
31.0629692
32.0961876
33.5208817
30.8786716
31.1695862
35.4262428
40.2030182
39.1953583
40.2654152
38.7119446
39.247963
36.9000473
38.6690674
39.3355484
51.1234322
56.1044006
31.8317623
31.3996029
33.65839
37.3887482
39.6772308
41.4537201
46.7720222
45.0481415
38.7089806
41.140316
37.3175354
28.094965
24.751915
26.3672447
30.2771664
33.7823982
34.3656311
25.4519062
22.2775135
22.3751011
26.1021328
31.1037903
33.5062027
22.2267246
17.815897
23.5451355
17.0660439
15.1748667
17.0444965
18.0345554
15.1056585
7.86496878
15.4129372
17.3106709
13.409503
9.00328445
16.8543816
