3.06721711
4.9739275
28.4660034
28.3033829
25.2145061
24.6692352
26.9637222
28.0451946
27.1223717
26.8319263
28.1861496
28.235899
26.5696239
27.1270714
29.8072701
31.0566483
28.4862938
28.2402477
28.6782265
29.2966595
29.1034393
27.4394665
23.0278549
19.9369144
19.6751671
20.3595829
20.4499531
20.7151279
20.5166512
20.3527622
20.5771008
18.7353935
18.0373058
17.5924911
15.5012836
14.7629385
14.6159286
16.0970497
21.8664455
26.5249004
21.2083054
12.1824064
11.9754829
11.5428381
11.9213295
10.7217102
12.1001844
12.0752258
12.1380758
12.5960655
9.79542446
8.31913376
8.3662653
10.9289274
16.243021
21.2801552
8.19751263
12.9225073
16.2773094
9.02682495
9.08784103
