0
0
19.5933456
19.7604008
19.9454803
20.9034672
21.5011616
21.6641808
21.4824696
21.7644043
22.4711342
22.4291306
22.5763531
22.6609135
23.5259285
25.0860634
26.7275295
28.5247498
30.3097973
30.6271591
30.7969036
32.1705818
33.2605133
33.1591415
33.9919586
35.5171394
37.3619843
38.8752327
40.3905182
41.8669205
43.1075478
44.991909
46.2836761
47.338913
48.0526695
48.7611809
50.3428802
50.9898338
51.9181557
54.2919884
55.9285126
56.4768524
57.0616226
58.6348648
60.1783791
61.4027672
62.9644623
64.0606232
65.2465134
65.8710251
66.5989532
68.35392
70.4119492
71.0973969
71.9370041
73.1444397
74.6941376
75.4932175
76.5773849
77.9841995
79.4424591
80.399498
81.0804672
81.8232727
82.7698441
83.4742889
84.5815964
86.8086395
89.0210266
88.9028397
88.3442917
89.0002518
89.3294754
89.848938
91.1256332
92.1936874
