19.8936481
20.0370235
119.182076
124.277725
131.317886
118.944847
111.013527
122.133347
126.143761
121.272308
112.8713
121.131073
130.674042
120.790588
105.568474
111.617172
125.581024
124.085632
113.791092
119.939117
126.660751
124.084885
106.799049
96.627449
141.781387
125.929337
116.121193
106.499657
104.892937
108.047409
102.416374
104.376167
121.154678
104.03212
97.0389175
109.730537
123.747086
118.713715
108.96402
101.006775
94.4668732
123.966705
132.521423
126.157349
115.198502
105.155014
107.068245
132.501938
118.533478
94.1202164
104.667709
118.506294
110.630379
113.610023
125.549767
127.697174
109.261345
100.940109
111.882286
125.076859
124.698082
113.300507
121.206955
133.302338
111.703201
89.5244904
102.633736
122.256538
135.451447
121.615669
107.748947
127.802773
105.896965
93.4319916
86.219902
100.682892
122.519051
136.553452
114.708641
103.391441
133.498688
123.83741
95.8772888
89.9023361
106.005966
116.33065
136.94928
128.710236
122.923393
127.713081
119.194176
