18.1301136
19.9609127
114.447563
111.214981
106.921326
103.219414
102.362114
107.602356
110.610977
111.026314
110.126328
108.116524
111.998039
115.378586
110.272125
108.536552
110.334457
108.802368
101.876381
102.064758
110.98407
108.857613
93.019989
88.464119
102.713257
111.766991
116.004372
119.733589
118.215958
113.000443
105.075981
105.126335
114.33181
112.447731
106.431808
104.479546
108.262772
117.719772
108.8974
90.2793732
97.3275757
109.853188
108.654922
111.929298
115.12825
106.525879
103.974121
117.919136
124.522736
118.714836
111.496841
106.714088
106.415215
98.659935
83.2889786
86.1655045
115.743065
134.016479
122.178314
105.324921
99.7430573
