18.3336143
19.9413071
72.828476
74.9444122
89.9391022
70.5968323
70.6394424
63.2911491
77.1426926
96.6207809
89.2188568
76.1523514
110.479317
87.290947
98.6234741
99.6226959
58.2493019
90.9433289
59.5924988
72.90625
107.889908
81.0713425
74.1811142
110.53521
82.6039963
61.6471291
76.3995285
106.246483
106.026329
54.967392
97.2284088
73.8824234
63.9479408
88.0901642
46.5097351
115.560944
105.659302
62.8497772
73.3766785
100.061928
90.7379456
58.5923195
60.5880661
63.8080368
67.999054
65.2451859
102.161484
73.7561111
57.1843719
60.3826714
70.3078842
48.6551971
49.5925446
50.2689934
57.0309639
67.3680801
80.2840424
113.076233
69.5551605
98.7292175
101.896034
98.9567947
85.0477448
93.088707
88.2680893
50.4901695
58.6604805
121.556168
121.013512
99.5269852
89.2052841
92.24086
74.2121124
56.7733536
84.3578949
108.240311
49.3419113
65.5913315
111.686928
116.146782
73.5403137
72.2321472
57.6301994
68.878746
118.864037
114.822884
110.268074
55.0237503
103.045876
80.0082169
75.9764557
