18.5190067
19.9284554
79.8165588
74.9706421
69.5648346
68.6324539
71.4484787
74.6260071
74.3679886
75.439949
76.5739288
72.6067505
73.3838348
79.4951096
80.8504181
74.8113098
71.0076523
72.731514
71.1024857
72.1783829
75.6168442
68.8577194
54.4571266
57.0181618
75.9773407
83.434433
81.8196335
81.1846237
81.4812469
79.3329926
67.7646713
59.9036369
69.8815536
76.5223465
76.8608475
77.9662857
81.7428055
95.0346909
126.140114
87.4155045
42.7659073
42.8200836
67.4293137
80.8510208
78.5249252
128.204605
