18.4971561
19.9350872
137.494827
134.478317
136.215332
141.396317
143.859619
139.652023
135.854507
134.914566
135.959183
133.939163
129.180573
129.961533
135.188156
133.164978
132.069092
131.970642
137.648392
137.196442
133.219513
135.233292
145.193985
147.541321
140.659882
137.770859
133.877457
128.766403
128.712234
129.473907
135.094543
133.625351
126.067574
123.888062
125.772308
127.91925
126.264572
118.860336
120.838425
135.060654
149.515564
154.483505
142.139557
132.740616
130.517502
133.347366
132.477997
128.950821
128.475296
124.841408
123.748444
123.588722
120.825485
120.103073
123.120102
129.477249
141.112885
144.262909
130.828293
126.663521
118.823753
114.132027
122.142509
139.319977
159.024063
144.296051
117.703995
114.939629
119.316467
121.982811
123.581848
140.484818
166.973587
161.470963
118.403038
120.982269
