17.9445114
19.985508
114.460381
111.388641
108.976067
115.637985
121.537155
117.870255
111.903442
113.416107
117.578987
115.302025
108.26162
111.887802
122.104958
119.190384
111.317146
114.970078
121.055641
121.397377
112.96003
107.725449
103.948235
104.299934
102.511543
101.696297
99.4893494
96.8549805
98.2386703
101.750542
99.0683441
89.558197
79.0659256
81.7593079
85.9550247
88.9640579
90.0223694
90.8666229
109.579491
110.089226
80.6704788
66.112999
74.7430649
78.5128174
77.5916367
85.4161148
