19.8820438
20.0590191
107.969734
110.826561
110.095734
101.431213
98.8490524
110.324265
117.453766
110.540764
103.428062
107.738968
112.282669
112.925545
109.950493
111.766006
114.327148
110.117516
99.3111191
102.754402
113.769035
114.619141
119.744911
130.206085
127.237137
109.730812
105.483795
108.156693
105.643837
99.6004333
90.2871933
90.2929306
108.15686
119.438606
118.999229
120.240219
115.492889
101.475349
90.2920456
113.201004
138.593918
128.965744
114.452888
107.890381
101.782181
91.5378189
77.6868973
83.6680756
117.975441
141.139938
128.657883
113.601021
107.141052
92.3861542
87.3710098
101.587929
120.913132
125.447433
119.360916
109.207314
97.9309769
