152.86972
147.60965
101.874489
94.3581314
90.3654404
94.1412888
98.2786255
98.3433304
96.4306335
95.7907791
96.8925781
92.2030411
89.5066528
94.6072311
99.5018845
93.4558487
89.151329
90.1981354
93.7812881
94.9967957
94.7644653
91.2891998
88.4120941
90.2192688
93.6037903
97.5606384
100.497009
100.899559
98.2539749
95.1616592
92.1101532
84.1566849
79.131073
79.3821335
81.3840866
85.2486038
88.7722549
93.2277756
106.703667
105.92337
94.595665
96.392128
94.4747391
93.4900818
93.410881
98.0393219
98.4340134
84.8130875
78.536171
77.4519882
81.2073441
85.6293259
88.7977142
95.5626907
102.699051
99.4593811
88.5980148
86.0142365
86.9282074
91.131691
90.3324432
85.979805
78.9215546
78.4308701
85.8364182
83.3665695
82.0817184
78.3398209
72.606636
100.520287
113.077087
105.33194
92.5976715
86.3316498
102.449944
92.8971634
55.4963531
37.2332687
95.3460236
98.8346176
91.3685837
97.32267
82.4908829
82.4741669
68.6700439
68.4018402
96.6370239
123.372643
127.883301
110.18
114.358559
