157.363907
149.657562
120.217529
115.954018
108.912628
105.54393
106.793785
109.46328
112.641388
111.850281
112.792244
111.275719
107.602821
111.040352
116.270546
114.8032
107.570412
105.506104
108.138344
107.324219
109.883247
109.758621
99.040451
90.6031189
96.0581589
108.477615
114.994827
119.413155
117.374893
113.161621
107.847588
97.7624664
95.1277771
100.369354
100.73629
101.24044
103.466057
109.120537
123.156975
138.314011
111.523941
91.6201019
98.7908859
108.171402
100.504669
97.8010254
106.61113
98.5553589
82.2116394
86.1146545
92.4519424
98.5498276
98.2361145
105.600037
141.717209
156.795334
111.004898
81.8388138
90.896553
102.673569
117.266006
