19.9128189
19.9844189
88.6733551
91.8100891
91.1622467
81.8501129
80.2156219
91.5772095
97.638855
90.3506927
84.5363083
88.9335327
93.0479584
93.2393265
91.938324
92.7226563
94.0337524
89.7481232
81.3477936
84.8852844
93.1387863
94.291008
103.322708
113.662567
105.238792
89.9429474
85.8640976
86.3329773
83.5263748
80.0939178
74.1422119
74.9054947
88.5212097
98.3805161
102.127342
104.197502
97.3529587
80.6697159
73.0646515
93.8843918
112.405136
106.336884
97.5810165
90.9950485
81.768837
70.7647629
62.8979301
72.2702713
100.677193
120.566734
111.817871
94.7279358
78.8357086
66.1502991
70.2716904
83.0121918
99.2669754
104.105118
97.5775146
91.1262589
78.8065262
72.9770279
73.3000183
79.8274536
107.437935
128.11322
109.466072
89.81987
79.3088531
52.5017624
60.0339966
89.9349976
127.159966
144.027115
114.483147
97.4917984
90.543045
66.9036407
67.4799881
86.64151
79.622757
69.5622025
84.8765335
106.135902
103.575012
103.365242
115.743431
119.443359
92.6843338
60.5579262
53.085083
60.8202744
76.7726212
84.4937973
87.1737289
88.1687546
88.355217
87.6203384
77.529213
83.403717
98.2444611
86.0761108
74.6118088
88.979187
94.2190857
96.14431
