18.4136581
19.9519978
135.01506
134.760208
138.347717
142.568939
143.880936
139.558456
136.235931
135.381851
136.095428
136.266708
132.286957
130.384995
134.191513
135.060532
136.008911
135.225372
139.539001
139.211624
135.19426
137.998718
150.626511
154.394974
144.265228
138.451782
133.59787
128.621689
128.92038
129.97963
134.976654
138.311234
134.034119
131.61763
132.813553
133.92659
131.300018
122.01136
117.754921
130.959717
149.880127
159.932266
147.310196
136.067673
131.793732
132.701462
132.130554
132.070572
136.028793
134.420654
132.322342
130.877441
126.512672
121.878487
121.93132
128.247742
144.070404
150.954407
136.93071
130.533463
122.442223
118.637085
128.304291
143.819717
167.509262
157.602417
126.079063
121.79628
124.589851
121.125542
118.716042
133.568542
165.324554
165.652008
116.7976
121.447403
