19.9144421
19.9676342
145.197372
148.550186
154.315933
149.678909
144.457275
146.241516
143.854248
145.150909
143.306198
147.785645
148.854446
141.256973
130.705734
137.21788
144.310852
147.492828
150.827896
151.254822
143.749115
142.213272
123.663719
110.236847
128.224136
146.188004
149.817596
146.574707
148.294846
155.546173
165.157043
158.831802
144.15477
134.644165
131.722595
131.493118
140.32962
154.909027
155.841522
129.493988
114.144524
130.200134
143.893906
148.65947
149.858536
153.254135
164.227158
172.7211
140.252441
116.146935
125.447655
140.268204
142.735168
156.124161
164.830292
156.142639
131.788391
120.425911
134.314713
151.979523
149.092728
126.737289
130.502808
169.133804
152.800308
139.172775
122.869186
