18.3920116
19.95611
129.473175
127.603737
130.29071
135.038025
137.197754
133.040405
129.468628
128.470261
129.385239
128.392776
123.986473
123.511818
128.133026
127.591965
127.660278
127.026604
132.157288
131.696121
127.735443
130.164688
141.945511
144.96376
136.489883
132.4254
127.845963
122.351868
121.993202
121.924042
126.346207
127.446564
123.068848
121.687325
123.429115
124.950432
122.172173
113.266678
113.328438
126.915871
144.472366
151.121017
138.692551
127.876045
124.284622
126.037468
124.259956
122.14888
124.45961
122.840706
121.735649
120.82
116.432129
113.006737
113.842331
120.284523
134.653625
138.942215
125.966011
120.622551
111.586838
106.921654
115.402191
131.928833
155.369308
142.602783
113.884949
109.851204
111.314117
110.969002
111.135132
128.806641
159.947357
152.14502
109.463287
112.543121
