18.5178356
19.9336548
75.6850433
79.2799988
80.3034058
70.415596
64.3797836
71.4559326
78.0603027
77.5082245
73.5916519
75.1079636
82.5928574
80.3456573
70.5041275
73.3964996
80.064621
75.3557358
65.9625854
66.8336563
77.2547989
77.3604813
63.7116623
57.8789635
67.3044281
75.1338348
81.1771851
86.2341766
84.2493439
78.6671906
71.8905334
74.3637161
81.8747406
78.1096649
71.5908203
69.3762512
73.3862228
83.1573334
76.5791855
56.668354
66.8302231
76.9200516
72.6629333
77.2791824
81.5246506
73.8291016
72.5424805
85.1579132
89.0720749
82.0473785
75.4551773
72.133461
73.9712219
70.6528702
61.2655067
59.4503822
76.9234467
87.8745041
81.690155
72.1683502
72.5176392
77.3736725
78.6774216
77.9951248
75.3222504
75.6372604
82.5167694
84.7663956
79.3229065
66.6620789
60.8213272
50.2393837
75.8170929
98.3182907
96.1021957
79.8268433
