18.3525944
19.9558411
58.9272537
60.1630173
59.7254066
51.3000183
46.5304604
52.9734497
58.9584656
59.0854454
56.2215118
55.8159409
62.6825256
63.5739059
55.5935974
54.9023438
59.8485031
56.3207817
46.9280777
47.6079788
58.6041298
57.447403
38.3740005
31.8018284
48.0573845
59.9188652
67.1294327
76.0180435
76.5775375
67.479454
48.8429642
51.7750664
64.7953949
61.8296928
54.0138283
50.7968674
57.8115349
85.0918961
81.792244
34.4345016
44.7216148
62.8086243
56.5169792
67.9222336
92.2778091
67.9133835
59.8709068
103.130424
107.229546
90.3286591
81.223938
64.9806671
53.4955711
50.1726036
36.7206154
