19.8715076
19.9744244
106.830475
66.8033218
76.3753357
115.249825
78.2175598
67.7474442
100.033836
110.312744
118.130119
117.077446
106.301857
68.8730392
94.4870148
94.7849197
121.630371
107.935303
92.9557114
65.9951706
54.5980759
119.454056
94.5008698
79.0732422
46.7344284
62.0089188
122.494797
137.429794
120.62532
84.5034485
70.6117325
68.6143875
116.297508
90.3314285
119.557121
118.718742
109.142799
65.996933
94.280632
122.014503
79.9404373
144.630524
142.95697
107.767418
43.9354172
50.3787193
