19.8913498
19.9917812
98.9586029
105.347862
109.277802
101.641937
100.154396
104.465759
106.338097
105.914032
102.596802
109.196602
112.497978
104.266373
91.97509
96.8465576
104.961304
103.672981
98.5835266
104.649818
108.554977
106.624687
89.9651031
86.1012726
110.735413
114.169395
115.954414
119.644096
118.68129
112.822556
106.461617
113.284088
114.226654
101.600296
94.3981628
94.6602783
102.165619
100.031105
97.5636749
117.794014
120.873161
120.267799
121.533165
121.648842
122.780914
118.105309
104.464783
92.3055115
85.7897949
89.4565277
113.20356
115.77858
115.432083
103.48127
94.0693359
89.3139572
103.764381
115.16404
116.92762
108.073555
109.324074
