19.8844337
20.0612106
164.172104
165.248535
169.9888
171.240036
168.361969
164.423233
158.600662
163.703964
166.611115
165.848663
163.661163
161.303284
155.14003
156.936829
164.514404
166.772171
167.118729
169.917984
165.782532
162.179993
145.974945
129.983017
146.294266
159.092346
163.87262
166.662338
167.605133
169.324478
175.863647
172.547699
168.842682
151.197968
145.232681
142.824799
150.668381
161.276718
163.139145
171.206619
153.975586
148.214066
151.227829
153.927567
156.864426
161.930359
