19.8775444
20.0560131
111.766617
107.657898
109.164314
116.095749
116.206299
106.929672
99.7186432
104.691727
110.642639
105.470734
101.699455
102.752327
107.294022
105.233383
106.594177
109.181847
116.194305
113.17263
106.361404
103.300339
98.7850494
85.4365082
89.0647888
99.1636124
102.368355
106.549171
108.109215
107.749542
117.769302
124.498207
107.599014
95.1195145
94.0858383
91.856308
95.356842
107.796379
121.104813
113.53714
88.3842697
82.794899
86.6018448
91.185791
98.4444809
109.852707
123.511543
124.63546
107.818642
90.5403976
98.0842361
100.140717
101.682365
113.374817
117.251724
115.470398
104.977394
106.950233
99.5699005
96.3756714
106.135384
