158.655273
150.188477
40.5585747
34.3990822
36.8921318
29.2444077
42.9239731
40.429287
37.1393089
37.5139999
39.0284157
35.0582504
33.6776009
41.6939468
43.4052773
29.4275875
35.5259399
42.8051033
39.9014244
42.3336411
32.4145851
40.8689957
46.0451927
37.5720482
28.5409088
43.4559364
37.6115799
42.9647141
37.4167213
34.4080467
33.4732704
39.5543175
46.4996872
31.682375
32.6503334
35.3826752
41.0604706
43.4164124
51.3676758
50.4943962
42.9570007
32.1466599
24.0258598
39.0704269
42.9951134
31.1149311
28.435997
34.5013924
29.7362194
51.5506859
45.2681618
40.0011826
37.3283997
43.4641228
19.5789394
61.5427361
27.1270256
27.1879501
36.8260155
37.724865
35.7957382
52.3992653
50.7335777
34.4099159
13.8252268
46.4549713
23.2360897
32.7533226
32.6044693
23.8373356
61.3834648
59.9170914
42.2978325
20.8837795
53.244751
59.3601418
