19.9416351
19.9208298
123.127617
116.683418
117.041237
125.789696
124.649803
116.429482
111.560249
116.616913
120.578766
113.353935
109.90657
116.480316
124.27475
120.169449
117.758064
121.013756
127.592033
120.766815
115.665855
115.729294
115.916382
107.491844
105.674255
108.297241
107.722931
107.552612
109.077248
113.813789
125.377655
122.715881
112.984528
111.850624
111.895012
110.450363
111.307289
122.838409
129.751236
113.884651
97.7321472
95.1654053
95.589119
99.0124054
103.228134
112.858559
129.212341
135.203125
124.933365
111.360878
110.296768
107.353722
109.984634
123.317772
129.866104
128.285645
117.783882
113.526703
106.185684
111.772636
117.233665
