19.8173923
19.9387131
123.057648
124.63739
117.90329
113.712875
121.006721
122.196404
119.367241
117.74884
118.379158
120.64196
113.645439
110.868073
121.113365
133.178589
126.823662
117.617294
120.195511
124.56694
117.270851
115.050179
118.745438
137.422119
135.808273
111.925209
109.615517
106.646545
101.211044
102.335304
110.078552
114.484924
105.812904
109.107224
123.224335
130.0401
129.185303
121.761292
123.012718
122.001732
104.478706
103.821243
102.121323
100.948875
100.396873
97.6541977
99.9100418
111.587334
127.185173
139.172134
133.947998
109.305
105.498047
104.677811
116.687119
126.678741
132.288147
115.924347
101.445992
102.592957
113.226738
