18.1709938
19.9465332
85.2381439
91.5528946
97.4069214
96.7017975
93.9893494
91.3047562
90.9215775
90.8032455
90.4054871
94.7371445
94.4183731
88.4222336
86.9094009
92.9688797
97.2475204
95.4808502
95.2825089
93.913475
91.8036957
96.9663696
107.761032
107.862495
96.9302444
89.295166
84.3648834
82.5222549
84.6431427
87.2376633
93.2124939
102.776443
104.370399
103.150322
102.357872
99.1333237
93.4141159
82.5198364
69.2271652
80.774971
101.627785
104.620316
98.1187973
89.8566437
86.7505875
84.1682816
83.832489
94.3879471
105.149025
107.614799
102.215675
97.1543503
89.9863434
79.1398315
73.290863
81.7801208
102.577263
109.122131
99.3737869
90.358551
82.3987045
84.0933609
100.389297
112.255104
118.112823
118.492622
93.0846481
92.0791779
92.0855865
68.1086731
58.1739159
76.6802521
110.383301
114.294403
69.9979477
82.8686218
