18.3877144
19.9510059
116.98053
124.47438
130.111618
121.001541
112.714386
116.933403
123.412941
122.541153
118.035629
122.232124
128.222931
121.933929
112.260277
118.525024
127.82785
122.688438
115.647865
115.652344
121.495323
126.909592
127.489555
122.513977
117.203278
114.653008
117.666168
119.924706
119.162773
116.852623
119.185631
128.212708
132.914185
128.244263
122.382729
118.573494
116.61895
111.596458
96.0559769
100.750366
132.51445
144.06636
129.081848
119.489609
117.863373
112.25634
111.236671
120.159187
128.649918
132.012253
125.5923
119.549988
113.388153
102.833984
97.1567154
108.082809
131.703186
132.924179
125.219269
116.097183
106.435036
103.788734
116.680695
136.701233
166.069626
155.895157
120.769318
115.737831
114.11834
90.0566101
81.8074875
114.411667
152.301071
122.385841
97.4169235
104.923431
