19.9094696
19.9904232
58.4033012
60.7917366
59.3794937
51.0545464
51.0162201
60.6214409
66.5999756
60.2203445
55.5317574
58.081192
61.1012192
63.0409546
66.5377197
65.0757599
62.8809166
58.753624
51.6255608
53.7890396
61.5598869
63.0785332
77.3890457
92.1113205
79.4536896
60.6128273
54.6542549
54.3741722
51.0693169
47.6513634
39.8956108
38.6384773
56.8722305
73.7755127
79.7757645
80.0010757
70.2618027
51.2027168
38.6239128
59.0915184
81.7206955
77.7664413
67.4735565
60.1481285
49.5461426
37.8602943
38.5060196
58.963623
81.3832092
84.8171158
70.3176422
59.8583107
52.2188683
46.7831459
53.359333
61.6693611
65.1680374
64.3786316
62.3128548
63.7871513
49.301281
