19.8988457
20.0202007
129.866043
131.583984
128.609848
122.695473
122.270332
132.20015
137.123611
131.224655
126.433548
129.707199
131.662933
134.308853
133.414841
134.464645
134.092697
130.205338
122.749672
125.87323
132.932083
134.680176
143.768082
150.805847
145.398682
131.107849
126.698807
125.624268
122.899529
120.691414
115.375298
115.665611
128.915771
136.63768
138.608124
141.409882
137.538986
122.576218
113.357857
132.227676
152.83313
146.233337
136.885635
131.301605
123.781631
113.277802
105.4198
110.165123
134.057999
158.052322
153.647064
137.379868
122.92733
109.205894
110.42852
122.555534
139.75209
146.568649
139.701797
132.137817
120.854897
116.610535
117.019089
120.024292
135.872635
151.934891
148.898346
129.528748
120.930771
98.8478851
104.418587
128.283936
122.604996
134.657181
163.487381
141.884933
133.927231
113.112411
106.43364
126.118942
127.037094
97.5518494
97.3613052
130.811325
140.842941
144.492935
159.439468
160.529175
136.733688
106.177872
91.5438614
99.6969833
116.439835
123.523102
121.606041
119.815125
126.556427
129.202408
118.184776
124.120209
139.362
128.764328
114.929283
128.246475
134.003403
135.428238
