19.8949032
19.9979229
91.6509323
86.5535049
84.0200424
96.0750885
99.6055908
86.4835434
79.725975
88.4947891
97.7828369
89.8164597
80.2579803
88.1512375
98.9826965
96.2046051
87.4748383
91.807518
104.871521
94.9339981
83.5105362
87.7978058
106.233727
111.311218
105.940315
87.2276535
88.7892532
96.4472961
96.4171677
89.9166107
84.2713089
82.9084396
88.2011261
106.869255
115.543892
105.06797
91.4087143
76.416153
71.0237274
94.7185364
114.446152
100.903893
83.6855087
79.4802933
80.799614
78.3488083
65.4190521
54.5073776
86.6577988
110.552391
99.2068863
83.6032639
79.4986572
63.8643188
55.904438
67.9395447
89.1810532
95.5323029
87.4957047
75.6380005
67.2819366
