85.3240433
85.2934265
57.461319
61.0018539
61.3431625
58.8572235
58.4028931
59.0728531
59.1569824
58.8614197
60.2252426
64.881073
60.5947342
54.8427086
56.1543198
64.8660507
66.323555
66.3453522
67.1993332
70.4906845
69.0254517
57.4829712
46.5415878
52.7228928
61.5163345
66.0933456
71.837326
73.8842239
71.036705
73.0788574
77.6512299
73.949295
64.624939
58.9685287
57.2678452
60.9193497
71.5187225
89.0000534
87.1964417
84.1446533
62.8110771
53.5588608
51.9309616
57.2939415
64.3584595
70.2143097
64.3427811
58.3328247
78.5736389
78.2783051
62.6875534
69.6777267
79.6790619
76.4205475
75.0775986
80.8721466
91.2790833
82.1684189
70.9638824
80.6490173
100.155655
107.918045
93.4699554
81.5015945
77.2255249
101.512367
108.476921
100.576103
117.708511
118.477654
75.6612244
83.4396896
56.72295
70.4784927
75.3324738
81.9994583
