84.7069168
84.8609238
52.0762177
56.6804161
55.4542503
52.5841675
53.9304504
58.5725937
59.9880905
57.5628471
59.6888618
63.8002701
63.2539024
56.5531998
58.2079277
65.2898102
64.808609
61.366169
61.6421509
66.2478409
71.4530487
72.1448975
72.2991409
71.5936279
76.3924789
81.5248871
86.8427429
86.1756439
81.5833435
76.4060059
76.7323837
81.3717041
82.2374878
79.1858978
79.0592194
81.154892
89.4196854
94.4392166
80.1107407
70.2742996
79.2626724
80.2132645
84.4309006
94.0149155
91.667511
87.5267792
89.5785217
88.7436066
83.3783112
82.229126
82.8582687
87.532341
93.348587
93.9440308
80.3535767
71.1362
72.8069382
76.8368073
76.7967072
85.1245499
87.7445984
78.2634125
67.8082199
72.7112122
70.2760239
73.5505829
83.5297928
94.0593262
110.28363
101.421898
79.0106201
59.3815918
60.0254898
69.3822632
72.9316101
58.8093567
88.312851
101.230972
78.0960999
42.6132431
41.0324898
32.4299049
36.7646255
45.276722
50.6347389
94.0848083
85.9302979
70.0222473
41.3554993
24.7579346
14.8342876
