85.3228683
85.3115005
53.9696884
51.1928177
51.8144455
54.3431015
52.5078278
53.2905502
53.0090866
56.1686172
54.2759781
52.7058792
54.6471329
61.3239937
62.3300095
60.7284012
60.3020439
61.1707458
59.4269257
58.8386307
59.313282
66.662262
77.6047592
72.5262299
54.3645554
55.9086533
59.4515228
63.492981
66.0934448
69.5105667
70.9976196
62.8733215
61.0405426
62.155407
57.5940514
50.5990715
49.0843048
54.8278084
58.5031662
63.7084579
53.805172
45.2864075
44.6075668
48.5469742
55.1020012
63.1132126
53.6908188
36.256012
46.4516525
47.8123703
38.2762527
40.5584412
43.7280922
46.7712479
32.552536
31.1964035
39.6422729
37.3290634
30.0922661
32.8423691
43.9279404
