85.7846756
84.6914215
52.1316071
29.2224197
33.5240822
29.923069
29.9546413
28.478199
28.3746986
29.10359
28.2645054
27.9598236
32.5383644
30.9146557
30.4569778
29.8245392
33.7566605
31.283226
31.6052608
32.8822861
28.8364792
31.6234016
36.7183647
37.4828644
26.1339912
21.6812115
22.6899452
26.293726
27.0100479
25.8143101
24.2802238
27.9066238
29.2310677
23.9221687
19.940258
19.1896629
17.9036465
21.4765263
29.3509903
31.860218
37.8275757
39.1398888
26.5843582
15.8597221
18.4685783
19.2061939
21.3475113
22.7315388
27.235815
26.0269089
19.7771378
16.3773556
17.1695728
22.1716309
28.2788544
31.0253353
28.2280121
33.38134
24.7046165
19.412529
23.4749069
26.6145763
26.1107178
31.6677189
44.9881973
38.4282913
6.70604181
5.94691467
7.38635778
16.8780899
24.9131355
25.8821259
31.6197586
29.1616669
13.1421986
17.1256466
13.852128
20.9878597
20.8682289
20.9639244
17.8122196
37.4957581
21.8858318
8.97610283
10.1636572
7.42741108
14.492403
23.8578167
27.82547
22.514019
32.7692261
