85.8125916
84.7012634
28.6995335
26.7603493
24.3925819
25.4630451
27.6166706
27.5076809
26.4951019
27.3016968
28.4685001
27.1889477
26.093792
28.0838299
30.688242
29.2319946
27.4318237
27.7307758
28.3402863
28.9598789
27.8106499
25.8078423
20.4597816
19.7886372
19.5363102
20.1572552
21.151062
22.346756
22.6599007
22.8818378
21.0460339
16.8366413
16.3415356
15.0306816
14.1903362
13.9804573
14.6758327
18.3776493
26.3040276
26.1936092
16.0771179
12.1616449
11.2707462
11.8989801
12.5883083
13.616601
14.39884
13.2657127
13.4548712
11.013648
9.14187908
8.85370922
11.1465988
16.038868
21.7283306
18.5571594
8.74612236
15.8012314
12.2329531
11.2568493
17.9390144
