85.3229294
85.3135986
31.6469212
28.8992271
29.5643749
32.3153687
30.635891
31.889576
31.4234371
34.7000656
32.7680779
32.0624237
33.3473587
39.9272842
40.8968964
40.9796104
40.6425476
38.1523972
36.4424553
38.7603951
38.6799774
43.0277214
53.817215
38.3090973
29.4311657
30.7276726
33.8695297
36.9593964
37.7797508
39.9026756
42.2973328
38.6633797
36.6359177
36.8567276
29.7364788
23.8690414
22.0696983
25.0429859
27.7905178
32.4375992
27.8210144
21.28932
19.9640865
22.0547371
26.1088638
30.7685204
26.476347
12.1774263
20.3118649
19.3744621
13.3088894
14.5012875
14.9203367
15.8261909
8.19672012
7.74981022
14.6789684
13.3956366
7.59809303
9.07033443
17.1815681
