85.3658524
85.3324051
56.7672195
58.4707413
60.8243637
59.523922
58.3823471
58.5331993
58.1779175
57.1971512
54.7838097
56.8274765
58.1703491
55.1010208
51.2826767
49.8864441
49.0653496
50.1428452
55.0517349
54.3898621
53.1770935
52.6715508
56.8399963
61.8465271
63.0734711
63.2962685
62.0517616
58.980957
57.1224823
59.5470314
62.962944
59.9476776
56.2409363
58.8138962
63.4090004
68.3210678
70.9666595
73.5841827
74.8733444
70.0307388
71.3723297
74.0077438
75.4930649
76.1859894
73.8692322
71.6317596
73.2607574
81.549202
84.8513336
82.4550018
80.1507416
80.795166
79.5413208
82.4312897
85.7170792
