85.3206177
85.3332901
57.3801956
60.5440063
61.4534302
58.646431
57.5837669
58.6657753
58.2969627
57.927742
58.7149887
63.0931664
60.1804428
54.155014
54.2837524
62.4541702
65.4204102
65.0803909
65.5193481
68.1264801
67.4708862
58.5639381
47.8395844
52.1976967
62.8850403
68.2117462
73.1031265
75.1543274
72.1880035
71.7884674
75.2022247
71.4709396
62.6203232
58.3455582
59.0537796
65.364357
75.160202
85.1858368
84.0602875
77.268631
63.3863678
57.7792511
59.6585159
65.4025955
71.8789368
75.5842743
72.5368958
65.913765
70.5251846
73.9134369
68.8564148
73.1770859
76.8727493
75.0371475
75.540863
77.4725113
80.8687592
76.9353943
69.7707443
71.4687576
80.199791
85.2799683
79.2677307
63.305687
69.3716049
79.8563538
77.7502136
74.1767654
87.7710342
103.253838
88.2108994
68.5722656
71.6564026
87.3577118
94.6692505
90.5250397
96.7055817
116.811836
125.705093
112.78157
92.8038864
88.8160095
102.505508
110.588455
104.208656
112.391708
121.271729
106.662369
100.407593
98.0625305
84.951416
