85.6251831
84.6919708
28.6691666
26.7444897
24.4282246
25.5438576
27.56991
27.5265617
26.4949722
27.2424736
28.2988129
27.1782761
26.1102467
27.9462204
30.5357513
29.6477203
28.0339355
28.4250469
29.09902
29.8248005
28.7079792
26.7601891
22.1874676
21.5064602
20.7548447
21.4349556
22.3663521
23.6064014
24.2023678
25.003273
24.1187668
20.9763966
18.9677944
17.1846771
16.5727673
16.8104343
17.6704216
21.1663322
29.2476177
29.3619213
22.4093132
16.5116367
15.6336317
16.2207432
17.6000443
19.5166435
20.8886681
21.0508461
19.591032
16.1560116
15.0217686
15.1566086
17.4443245
21.9497166
26.257494
26.1492805
20.4035816
20.2619667
18.3696308
18.7866192
22.813818
25.6334324
24.7605286
20.2509212
7.59709549
3.96270418
4.87502909
6.5709424
7.98085499
16.8585453
22.37393
18.1165352
8.02737331
16.0220375
13.4345055
15.8240881
12.91045
11.1533804
15.6130714
17.3742275
9.16580296
10.3102789
7.59047365
3.50978279
3.75539398
1.24536467
9.2359972
18.3268585
20.2971497
6.98239613
15.4054966
