84.709877
84.8230667
29.3875141
33.2798119
29.6366882
29.9758644
28.1058826
28.3302593
28.7781773
28.1633072
28.0129604
32.6578445
30.1880341
30.4328251
29.0264492
33.7811012
29.500124
31.5982437
31.9090633
27.3781605
30.0225449
36.4746552
34.6502914
19.5291405
18.0529099
17.9138622
21.708807
22.5697289
18.7988091
24.796093
24.3974838
20.1724434
15.4531384
9.69542313
9.51673412
8.60001183
12.864542
25.0196419
31.8742352
31.2358589
13.1376305
16.8238888
16.653204
24.8085938
39.6906281
46.6604309
