85.7682037
84.6936264
29.7498283
28.1897469
26.2788506
28.8691616
31.940527
30.7765865
27.9985199
28.4981308
30.3433723
29.5753708
26.7112427
27.9948711
32.4195137
31.7388992
28.5696754
29.5385399
32.1157074
33.0714378
29.6542912
26.9398212
25.959465
27.4648075
25.098402
23.9336987
22.8821468
21.902338
22.3994102
24.39114
24.7077579
21.0854149
16.3114872
15.9549313
18.4356918
19.9676838
19.7920666
19.4772015
27.492485
32.5503426
23.984087
12.6562881
15.4307156
16.6513958
15.4196129
19.0425758
21.1758575
15.1133356
10.3854265
10.3038778
13.5112333
16.1866665
17.5314884
22.6643105
30.0305252
28.8621025
12.3956423
8.35299397
10.5395842
17.8159809
24.4100666
