85.7519989
84.6992798
32.5983315
31.4082661
30.239296
33.0684586
36.0567551
34.5974236
31.3922329
31.3518467
32.7856483
32.6591797
29.8165493
29.4365864
33.0928764
33.4505234
31.9284649
32.6841698
35.3637543
36.724041
33.5555725
31.6151047
35.0654221
38.9498177
36.0939827
32.8185539
29.8860741
27.5637321
27.6180401
29.102747
30.1506519
30.8969212
30.8445568
31.3039703
32.4955025
32.3787956
30.8536186
28.0783958
31.7879295
37.4465141
40.0980797
36.0927582
34.8461685
30.7326279
27.5371532
30.6408577
32.5950737
29.3519707
27.5876503
30.5310421
31.9457474
31.5539074
30.4758739
32.4505119
36.6550484
39.075634
36.3847237
33.2547112
33.5853882
34.6871605
35.2215309
36.2544556
34.8024712
32.7473869
31.7325401
34.1157074
30.6877918
24.6328659
23.5563126
32.8202591
38.4200516
39.1069298
29.5899601
28.7695084
36.1221886
36.5349731
28.7238045
26.119751
34.5822906
36.3106842
30.0601578
25.6130905
29.4821949
27.1715565
21.8818474
22.9455357
29.4445019
35.4829102
40.3788071
36.0384407
22.6243267
23.5160751
28.029192
25.1390743
22.1591759
25.212986
29.8891888
30.5610542
22.2080326
18.9963284
24.1645184
26.0198727
25.2899361
27.4940357
35.1050262
41.8678551
35.6044807
21.452301
17.1174545
19.9186573
23.0885754
24.8178444
25.4708214
25.1469517
25.0601959
21.9893551
20.9814014
22.8808765
24.9660473
28.1802254
33.5865898
32.8705826
24.7027626
19.4902954
21.115406
25.2259941
26.6781731
27.6939716
30.9903145
33.5019569
31.970644
26.0268688
18.649519
15.8168125
29.3154964
36.3966255
32.7763519
25.2702522
20.4325314
18.5359783
16.7471733
18.3249416
22.3183174
25.6623249
24.8053989
22.8453598
31.9103775
28.0936432
19.3960514
23.2611256
27.2549191
