85.5362167
84.7123566
28.6536198
26.4933758
24.2872009
25.4719963
27.4262676
27.2076454
26.1504593
26.9087296
27.7856369
26.4537716
25.3310814
27.210701
29.6055031
28.3167286
27.0951633
27.8108768
29.0891209
30.0542355
28.9097157
27.0976582
24.0196743
24.2019138
23.0347385
23.3047142
24.1341896
25.3171368
26.383482
27.2915878
26.6431789
23.3808517
20.749464
19.2288818
19.0913754
19.3640366
20.318327
24.5368462
33.0817108
32.7697678
26.6849041
19.4421654
19.0429668
19.45825
21.2751026
24.0811443
25.7754269
25.8110523
22.9237347
18.8725319
18.2135391
18.4818687
21.4664364
26.740881
31.8889751
31.7051334
25.5667152
23.7223644
22.0726299
23.5381908
28.1344452
30.5644646
29.8272896
24.6724167
10.1924257
6.46301365
7.93383265
9.43385792
12.9688263
22.7301445
28.0603905
22.4114723
13.8336115
17.6749229
17.039959
18.1524429
15.7882576
15.5135212
21.9486446
22.5994396
13.0229664
12.6895638
7.41354275
3.22946095
3.98465014
3.54841447
15.0167875
25.4332294
23.5719986
5.65719318
22.133791
