85.6029282
84.7043533
28.6647987
26.5937653
24.3092346
25.3508472
27.4409618
27.3334255
26.2332306
26.9014111
27.8596115
26.6426506
25.4607773
27.2134743
29.7395039
28.7094574
27.3304691
27.9493256
29.1007137
30.1064796
29.0421085
27.1380367
23.700676
23.9741688
22.865675
23.166523
23.6422691
24.7977219
25.7982197
26.6360855
26.1266308
23.459404
20.9753151
19.3613186
19.2099228
19.4738731
20.2333488
24.0742264
32.3672905
32.4134712
26.4815083
19.2163162
19.0224876
19.2752113
20.5977592
23.3111687
25.0695057
25.3199902
22.7362843
18.8380756
18.1616917
18.2259312
20.6475945
25.8575134
30.946207
31.4567204
25.199522
23.2387123
21.5518322
22.7205162
27.3474541
30.0035229
29.3995419
24.5113697
9.73197746
6.10909605
8.94072819
10.5030041
13.9812479
23.0580921
28.4390907
22.8892365
12.1971378
18.1636467
17.866024
17.9867401
15.182725
14.6607113
20.2031116
22.2406559
12.6874075
11.7066002
6.6972661
2.63813019
4.09981585
4.74676657
15.3297148
25.3493557
24.2904034
3.98452711
21.7489643
