85.68927
84.6900406
28.6805553
26.9505253
24.5301933
25.5929966
27.9463692
27.9263172
26.959137
27.8378544
28.9522324
27.6921673
26.4759731
28.2028255
30.6799679
29.3115311
27.2479153
27.2960682
27.2380714
27.5244732
26.4177055
23.9909286
17.1131763
15.5195904
15.9454937
17.0911922
18.0545845
18.9463921
18.0678291
16.8345718
13.3659592
8.135993
9.84675598
9.86783409
7.55349874
7.43688869
8.23209381
10.7838326
18.2086468
20.3741589
4.52955675
9.83220387
6.86358023
5.06077242
4.14514637
6.40278482
