85.7595215
84.7015152
28.6893387
26.6959686
24.3836746
25.5038052
27.5201721
27.4058437
26.3708858
27.0697136
28.0920334
26.887661
25.7989559
27.6581669
30.1224728
29.1931686
27.7293644
28.2987118
29.2333679
30.0526962
28.9062996
27.0949192
22.9944248
22.7230873
21.7540798
22.243084
23.1475906
24.3647518
25.2023354
26.0476265
25.3425407
22.3101292
19.9584522
18.2801323
17.9040623
18.1814957
19.0994663
22.9405804
30.9320011
31.0987015
24.7823162
18.0770588
17.4505692
17.961731
19.5304604
21.8956547
23.393116
23.5709133
21.4829407
17.7388172
16.8577766
17.0416336
19.4893379
24.3383675
28.756815
28.9329453
23.3154144
21.9677849
20.2801895
21.1446571
25.1860867
27.8517723
27.1800747
22.9376068
9.77220154
5.71073866
6.95932722
8.48252773
10.8682585
19.3844528
24.4354935
20.4083939
10.9084215
15.9954309
15.1901789
17.0483513
14.3140774
13.3727942
17.5551949
19.2646008
11.4681778
9.51840019
6.26372814
2.72724533
3.48746824
2.03495789
10.1741257
18.3606339
19.8947182
5.83870268
15.8568583
