85.3718338
85.3245239
55.7766762
54.3242798
52.0668755
53.1239624
56.4120903
53.2992325
55.6086121
54.1377678
57.7921143
55.146286
55.4305992
56.3835602
63.0376587
63.5436783
64.1747437
63.4312363
62.6961212
60.0934334
62.6830902
62.2422676
68.6617966
77.9462433
60.8353577
52.4288826
53.9198494
57.0917358
59.632225
60.4006271
63.8434982
66.2214508
61.77705
59.8092728
60.9963455
55.508976
49.2659912
48.1380997
53.6625977
50.2759819
58.4828339
54.424057
47.4858055
48.000473
47.1262245
50.243145
57.4576263
59.4361801
55.3810654
60.6027527
58.171299
55.4431305
53.549633
57.2744904
61.5424843
62.7676544
60.3125153
58.240715
57.3258896
60.5692825
59.7062569
