85.7808762
84.7019577
28.8752041
27.7717762
29.3233032
27.488081
29.5564461
28.4767151
27.208828
28.0261612
28.7911949
27.9033508
29.5534496
30.1100178
31.1812782
30.5295506
30.2714405
28.9181709
30.5978127
31.877573
28.7859306
28.1805229
31.4993591
32.8300591
23.0360527
20.6490402
21.5016823
24.3713398
24.6589699
23.7374744
23.4074802
22.1364841
24.240366
21.0547829
15.694725
16.28545
15.9944487
19.2119884
26.8980637
30.3312073
30.5233593
30.1111412
18.6076927
13.5607224
15.2846794
16.0383759
18.3912239
17.4503193
21.37603
20.1038094
14.2715807
12.2184706
14.2142668
19.1135921
25.6711636
27.5154953
17.9968281
25.8404312
19.2649384
14.8408079
19.9775715
22.677618
20.4127159
23.5340672
35.4302292
25.9931889
5.48352766
6.86597872
2.82953048
15.1232243
22.3288803
20.2315922
22.9713593
24.0582066
15.8173428
14.2885027
