96.2396545
96.9488144
107.418251
98.1888504
101.138817
114.006447
110.525772
101.410934
104.153122
114.126518
111.613892
98.5878296
102.052948
121.140999
123.41291
105.613892
101.595001
111.474648
110.950798
99.7699661
98.503418
115.473869
128.773468
119.631981
111.671402
107.568977
97.9418716
93.1041565
99.1435471
106.28746
99.4550934
95.3201294
110.687012
124.687096
125.795708
120.434639
112.78035
105.6147
93.0030365
86.1658401
100.514839
112.530281
113.396729
108.480705
102.147499
106.078827
123.654907
132.00589
106.426331
90.6260834
99.8089828
102.612991
106.515083
118.955971
122.441933
108.273842
87.548027
89.9351273
109.096786
116.946747
95.3211746
