97.1314087
96.2345505
89.4171524
88.9452286
81.6335983
82.4335709
89.3370972
89.6446762
88.9161911
89.7461166
92.7384491
89.4075394
83.0964661
90.4590836
104.47097
102.429817
90.6324387
88.2932816
85.3052521
82.9792023
86.3788834
89.9558716
107.197403
126.092628
113.83532
92.4045486
85.0069122
86.9542923
85.4144363
79.9561005
69.8023224
62.6807137
82.1611786
101.08696
105.935165
106.35598
99.0411377
86.9604797
73.7657166
92.5491714
118.599327
108.939278
92.2288818
86.2149811
85.4712296
83.0903778
