fork_left_distanced from_1.txt
5.2244978
5.02901506
105.876945
103.972343
102.430092
101.473534
99.8432236
97.8078079
95.6052017
93.9612198
92.1952133
90.5782547
89.3905945
87.9822769
86.1540146
84.4395294
82.4163284
80.2900162
77.9673233
76.711113
75.9818726
75.2707138
75.1651917
74.2893372
72.8698044
71.0877457
69.0678253
67.2993546
65.8070602
64.496788
63.0764771
61.6317825
60.0891991
58.8297653
57.8717346
57.547554
56.9509735
56.4149055
55.6525955
54.34132
53.1666832
51.5872269
50.0785599
48.3530426
46.8115196
45.3800163
43.9470558
43.6322479
43.9843521
44.9461136
44.7282562
43.8104782
42.2794685
40.1626091
37.2482491
36.7509041
37.5355034
38.9909019
40.2094269
39.9638367
38.2762108
35.0279922
33.4594116
32.2106857
32.8473663
33.2543259
33.9559822
34.2016258
34.3217506
34.3068695
33.8199158
34.0086327
33.9329529
33.8968315
33.4105644
32.9500008
32.6908913
32.9644585
33.5535927
34.0243378
34.5784454
34.9080658
35.2704468
35.3850174
35.4838066
35.3706856
34.9840622
34.3843117
33.1764374
32.3872452
31.6778545
31.4731731
32.1021996
32.8256035
33.4906845
33.6922379
34.3286209
34.4696274
34.3094826
34.3353004
33.9819641
33.6645622
33.1654053
33.2673073
33.3833313
33.0928726
33.2261467
33.511837
33.7397194
34.1085701
34.2831116
34.3197136
34.5740395
34.340519
34.0307503
33.4641228
32.8168716
32.0433769
31.5213299
32.050827
32.5641861
33.2395325
33.4479027
34.0189972
34.2354164
34.329174
34.3778572
34.5115318
34.4692383
34.1878433
33.9047165
33.288681
32.7185936
31.9098835
31.5691376
31.690237
32.1174736
32.8385353
33.2945557
34.151329
34.2941933
33.9652061
33.6698418
33.8040352
34.0686417
33.7370377
33.6078568
33.5490837
33.3097725
33.3031273
33.5348206
33.6383743
34.0951233
34.12006
34.1879539
34.1841087
34.1194572
33.6253357
33.0456696
32.7080498
NaN
25.6977768
119.336906
119.264366
119.020607
118.534195
118.099983
117.666771
117.474625
117.270226
117.009392
116.465889
115.83284
115.006561
113.534172
111.979897
110.886337
110.112183
109.66642
109.182259
108.476173
107.674698
106.878365
106.290031
105.355965
104.322617
103.237511
101.897354
100.531982
98.8041534
97.5652771
96.6811066
95.9947433
94.0932999
92.9437027
92.1958694
91.8027115
91.5099487
90.9440002
90.5667801
90.1775436
89.9930878
89.8193893
90.1183319
91.0728378
90.7621307
90.2659302
89.1742554
88.969017
89.3136826
90.4523087
91.12957
91.651474
91.8040771
91.8661575
91.5338516
90.510498
89.820816
88.7286224
87.944664
86.8814163
86.1653671
84.960434
84.3817978
84.4449463
84.6333771
85.774826
86.8662643
89.763237
91.5176468
94.6861191
96.6184006
100.029274
101.253899
102.348442
101.818977
100.401283
100.056252
99.8579712
99.5535355
98.8153076
98.2948914
97.8724976
97.6293259
97.2582855
96.6344528
95.6977386
94.9095993
93.0112762
91.8096085
90.6168823
90.0110016
89.2471085
88.9931259
88.8587418
88.9728317
89.3732834
90.1711197
90.669632
91.0223999
90.7827911
89.868866
89.2639008
88.21241
87.3201141
86.0130615
84.9763718
83.1371536
84.3840942
86.5331345
87.4271774
89.1085358
89.8404388
90.7161636
91.0810623
91.1460876
90.7607422
89.7656326
89.1032333
88.4567184
88.3135147
88.3003922
88.2999115
88.5582809
88.9955826
90.1318207
91.2925644
93.5222855
95.3778458
96.4893494
98.0135269
98.5723343
99.1619568
99.5196762
100.065125
100.187729
100.391212
100.269684
100.786201
101.862366
102.754776
102.1567
99.951973
97.191391
93.8111649
NaN

fork_left_distanced from_2.txt
35.6253967
35.8029861
116.88279
115.721153
114.873856
113.90435
112.864731
111.952011
111.021667
109.659607
108.4189
107.137253
105.769264
104.456268
103.126495
101.672501
100.310295
98.7634125
97.5009003
96.4575348
94.8834991
92.9121017
91.1580811
89.696022
88.3220291
86.6916351
85.0646286
83.6220474
81.8121719
80.1942673
78.8441315
77.1742706
74.9189148
72.7546082
70.4956741
68.2413254
66.1685867
64.14888
62.3106003
61.0708466
58.603714
55.772583
53.1683121
51.6185799
49.9860115
47.4747276
48.81036
48.4773178
48.5183716
48.8522758
50.0516777
49.8825417
50.0728302
50.6607361
49.7576942
49.6220779
48.9992714
49.2455368
50.5275307
51.0421562
51.8000183
52.0980034
51.7587509
51.7691383
51.4402885
50.4370003
49.5577202
49.7956238
50.818325
51.6298294
52.4253082
52.3027306
52.863842
52.8936157
51.972599
52.0650368
52.7459297
52.4115067
50.2481499
49.5874405
50.1537437
51.3239021
52.0859604
52.154808
52.6713409
52.6711731
52.7105064
52.590023
51.1800194
51.1538773
51.5846176
51.4460526
51.1252861
52.2291946
53.0835991
52.2027702
53.4358406
52.836689
51.938755
51.9276009
52.1540871
51.5681114
50.964386
52.0521126
52.2528496
52.0711212
51.9911652
51.6475182
51.1653252
50.9299431
50.0639229
49.3428535
50.0018158
52.2078171
53.1149712
52.7754402
52.2429008
52.496151
52.7079544
52.165451
52.0561104
51.906826
51.1862259
50.3086586
50.2957039
50.7224579
51.6054535
52.823597
52.4182053
52.4291
51.9672508
51.2518997
50.2664528
48.9810715
48.1549492
48.5496407
48.7389755
49.6041794
51.0995522
47.8828011
51.0796165
50.253994
49.5188637
49.3326111
48.7275543
NaN
36.4854431
116.292648
114.503403
113.356728
112.336586
110.629509
108.315918
106.816956
105.999092
104.9617
103.406593
101.682892
101.114815
99.9075928
97.7836914
95.4407501
93.5741043
91.4867096
88.6462326
86.2345581
84.9551849
83.2971497
81.3660736
79.3604279
77.4503555
75.6095352
73.2986832
70.5058975
66.7766037
63.3611183
60.2541809
57.1399384
52.8693886
49.506855
47.6407852
47.0842896
49.6227608
50.3334694
49.7439308
48.6781082
49.1990089
50.2231102
50.6691628
50.5165596
50.5601692
52.0678596
53.1356239
53.623558
53.4908485
52.881237
52.1115608
50.8620987
50.8421021
50.5657806
50.5901947
51.2781143
51.561924
51.2472153
51.0253944
51.370327
51.570755
51.3181381
50.8195038
49.6930428
49.2214203
49.1058235
49.8299446
50.7962914
51.6976852
52.7347031
52.2778015
51.8537025
52.758419
53.5523109
53.5114403
52.7765236
52.3136024
52.006321
51.8036575
51.4437027
51.5434227
51.6894226
52.3027496
52.5513535
52.9171524
25.4877205
25.3526058
94.3327789
92.166687
90.5105057
89.4432373
88.7554016
88.0147705
87.351799
86.3366089
84.5325775
82.9050903
82.2068863
81.6330643
81.0337219
79.7897797
79.0238571
77.9735718
76.7125854
75.2992706
73.7729874
72.2877121
70.9545593
69.8322372
68.6373215
67.5690918
66.7576599
65.7283096
64.7335892
63.4598961
62.0795441
60.6456108
59.2140656
58.0880127
57.1146507
56.0537109
55.0625038
53.7970772
52.6006203
51.4340248
50.3734093
49.7965431
49.28508
49.214344
48.7125587
48.178421
47.3155594
45.6619339
43.5022354
40.7153168
38.8247719
37.0172806
35.8234291
34.9472847
33.7698212
32.3214188
31.1279144
30.1021271
29.4300423
29.4640598
29.1168785
28.4734764
27.0089417
25.1416893
23.1218204
20.6349449
18.8595943
17.3382378
15.9974861
15.9991083
15.0236292
14.0444546
13.6804247
12.992362
11.3626232
9.54769135
8.20173931
8.0918951
8.04703236
7.835639
7.6465497
7.36055422
6.98859072
7.28693533
7.87945509
8.55499172
9.21042538
9.48564148
9.80170822
9.68415737
9.16027737
8.82258415
8.31599903
8.15581608
7.88685036
7.68834782
7.43875217
7.38931465
8.0883522
8.63349342
9.26832199
9.6069088
10.0730219
10.342103
10.4189014
10.6314344
10.9133282
10.9049559
10.0276604
9.27800655
8.89852238
8.94757748
9.30163765
10.5455713
10.3865404
13.0251026
13.7634668
14.3296175
14.9715157
13.2015038
10.9736633
8.60357094
8.26479149
8.32274914
8.12719154
7.47278214
7.13253641
7.11411238
6.39733505
5.75046873
6.21419621
6.35847616
5.59650135
5.03283119
5.54916668
9.83707237
14.078372
20.4898911
23.7451706
23.9871044
22.6363831
21.7378998
21.9729614
24.8115654
30.9321613
36.1880264
41.8569832
43.662365
44.1584816
43.9598465
42.3075447
41.0721779
40.1848183
39.6420364
40.4322929
41.1898575
40.823204
40.7555008
38.8574371
38.1519432
35.5415955
32.8703918
27.0385704
23.4262619
18.4783096
15.394454
8.11619282
4.52402592
0.870880902
1.33427536
1.62365317
1.09199452
0
0.117033929
0.977187395
NaN

