hammer_left_distanced from_3.txt
44.7106018
44.3896255
115.432053
115.200256
116.429535
116.19857
114.769814
113.056381
113.118011
113.635864
113.619698
112.414543
110.403511
107.352966
105.709198
105.994949
104.815033
103.267609
102.159653
101.343903
100.024139
99.1942749
97.6514816
96.3942184
94.4427261
92.0412369
89.7074203
87.9703064
86.0060577
83.898735
80.725853
76.5404968
73.5771255
71.6768875
70.4366913
69.3923416
66.5713196
63.7588654
62.0459976
59.188076
55.5979881
52.4232521
49.1050644
45.0892715
41.8451347
40.499588
38.2554131
35.4248734
32.0239334
28.4494705
25.4561005
21.5535946
19.8458824
17.7040615
15.4287148
14.6823597
12.6890097
7.90514755
5.17551327
4.50997591
1.83440375
3.03589725
2.58421993
3.04503989
4.93717194
3.9697547
3.25894594
2.64278793
2.29848409
1.87690592
1.2489785
1.1124115
0.888674319
2.64308405
2.19428015
1.69708252
4.92938805
3.1114974
3.98364162
4.03982687
1.09271121
2.80644608
1.06183136
1.74999475
3.09598112
1.4565624
0.569926083
1.30115879
1.74898803
1.51968384
0.840000331
1.85382462
3.57478404
1.2441119
1.11697567
4.06601572
3.12493277
3.02717948
2.23370719
0.677531064
2.42712879
2.06791115
2.41516423
3.81849337
4.94173336
5.25661564
2.95326805
2.09937716
5.72779179
11.0339422
9.16761112
7.09102201
8.71284771
6.92364931
4.93157387
7.39961004
10.0697613
3.57346916
3.1833384
4.40633392
6.26513004
5.75847292
2.59110332
1.54281557
2.71750164
2.94463825
1.61143374
1.43776631
2.22536755
2.57868481
3.68413615
0.846497715
2.04181433
1.08082724
1.42216539
2.8644371
2.45471334
1.43844664
1.34377468
0.906550229
0.705543816
1.92793059
0.847883582
1.34377468
2.5625422
1.24269557
2.86539364
2.70783234
3.52397871
5.76816511
3.98172402
4.47049856
4.51865387
2.106915
1.30731034
0.709967375
1.47392464
2.38564706
1.82445514
1.7059387
57.8150864
56.6726532
133.816315
132.911819
131.235474
131.581406
132.4375
131.628342
130.279648
129.789413
129.814056
128.702484
127.225555
126.187622
126.011162
125.546936
124.592216
123.660538
123.117073
122.135231
120.285011
118.888107
117.733025
116.736336
116.160629
114.947456
113.695641
112.915939
111.991966
110.171829
108.691048
107.819885
105.51989
102.234299
100.463982
99.0940781
96.0412979
91.6365204
88.801506
87.5832214
84.8279724
78.8475266
78.5229416
80.9357681
77.6684265
66.5738373
58.6877861
64.7596664
66.0952835
57.1077499
44.075489
33.5046959
40.4235344
45.0050278
31.9728699
17.1328144
9.10213089
29.8133793
27.8421993
23.971096
13.2918348
18.437849
18.3866653
17.3401394
13.7076178
16.3041096
22.8152084
9.86348343
21.2015667
5.62716389
27.3124409
29.3194675
18.0733662
20.6461449
8.88159466
15.613842
29.1692924
27.7172318
7.14138746
8.90715122
22.8907604
22.1509228
5.14765024
12.6773119
20.410965
18.3176594
22.741909
18.5296478
18.3691273
28.0346317
8.96749306
19.0459595
7.78512716
18.2428055
13.9809999
12.3787155
7.32854986
10.5529947
15.1168346
14.5484381
17.3371258
13.3412676
17.3639927
7.83769321
14.7470703
8.66104507
15.8301878
15.9238501
13.267602
16.3618298
7.06963253
14.0605726
6.084795
16.1132259
15.8029871
23.5417004
25.021265
8.3186903
14.069047
18.1883011
15.2005234
7.11185074
10.0747986
13.4673119
14.2478676
5.03392172
10.1187267
11.4828138
14.3248415
1.45104349
6.71454716
8.80836773
10.0654821
8.33870697
1.99860728
11.4213572
10.7959232
6.70653915
6.43343115
2.10775065
7.82006788
10.035718
11.0763817
6.88777637
7.34622526
9.9862709
8.7574625
9.81540012
11.3864679
12.1491776
13.2060194
8.25904083
21.4891472
21.4847927
15.6854477
16.5608158
6.69322109
12.5623455
6.61393452
19.9263706
44.8806152
44.8433456
120.330643
121.100037
121.537315
121.528488
120.664841
119.165085
117.547356
115.982803
114.953163
113.758812
112.601051
111.00946
109.421867
108.09436
107.091904
106.906082
106.89743
105.927475
105.131538
102.95401
99.9481583
97.0774231
93.6820297
91.2697754
89.4572525
88.2410507
88.0953751
88.2535477
89.8137054
88.0501862
83.4888535
78.8654327
73.2888565
68.4592819
61.0387115
59.5951424
65.79702
65.5864334
58.0451622
49.242897
43.5521698
40.5584946
40.4593277
40.6824913
43.6961365
42.5969658
37.285141
31.3431072
23.1333504
17.67099
14.2044268
14.3641138
16.5370884
15.8082409
13.8722248
9.03596401
7.21618462
6.2536974
3.88347816
1.88481379
2.32750845
2.63923025
2.31393027
0.93314153
0.730881453
1.47896123
1.65575802
2.56391692
3.6475482
4.87033367
4.21519279
3.59700727
1.93694413
2.48671818
3.19469523
2.83427763
2.34610271
1.18943214
0.661160171
0.871330142
2.44880557
2.73838258
2.83828068
3.12436891
0.998580098
2.35384846
3.71182871
3.53977799
2.0592804
1.76945662
3.82305455
4.66833067
3.440768
0.938577831
1.15825844
2.58838248
4.02409029
2.84110689
2.48341012
5.43829918
7.54745913
7.86529255
4.67713451
1.11802626
2.72412038
4.4878149
4.81234837
3.47102118
0.228997305
3.05787086
3.75353312
0.816852331
3.51351786
1.38564515
1.6577661
3.06930876
2.47282624
0.43745479
4.06061792
6.76941061
9.72587013
9.01678658
6.7207365
4.72687769
1.9619416
5.82705879
3.71446562
1.03910506
1.25163913
4.65117931
6.59528732
7.20129824
5.78146982
2.3844161
0.192814514
1.48529887
1.28328943
1.10765171
2.16816926
2.59721518
1.99605989
2.85752654
2.49998498
2.3091886
3.44702148
5.09881258
6.15705109
6.35755062
5.51313305
1.18432093
2.43147969
3.77595019
5.4293189
4.92954731
2.4729054
0.737013459
0.836732626
1.27010775
NaN

hammer_left_distanced from_4.txt
56.795845
56.8469429
98.7598343
97.514595
95.4963684
93.7946472
91.615593
90.0003281
87.8221512
86.4359131
85.0402145
84.1986008
83.2969818
82.6152954
82.0848618
81.4526825
80.5835114
79.3705444
78.5426712
78.1499634
77.3821564
76.3685608
75.5780258
75.0023727
74.0101776
72.7407227
71.216774
69.9811859
68.865448
68.3858871
68.188118
68.3949738
67.9391098
66.5871353
65.5141144
64.8330307
64.6769104
64.418045
63.6141434
62.0139236
60.5900955
59.5257149
59.0896263
58.3587227
58.5068207
59.2162094
60.2304726
60.1390495
60.4552498
61.6174126
62.6811981
64.2808914
65.4408035
66.9337616
67.4019394
67.1508408
66.728569
67.0927277
67.77771
68.9390488
68.7380524
67.3873901
66.3100281
65.2658615
64.9065018
65.0605087
65.7477875
66.2219696
66.0146408
65.347847
65.031929
64.8833466
63.872364
63.1027184
62.9616966
63.7310905
64.1649857
63.6435471
62.8306313
62.2064819
61.7443695
61.5944824
62.4090996
63.3229446
65.4420395
67.1541824
70.5529251
74.2447586
76.4906921
78.5911942
79.1231766
78.3584671
77.0723419
74.8080978
73.4773026
71.9583054
71.097168
70.1341553
69.3279572
68.1233673
67.2826538
65.2074432
63.9937019
62.6800117
61.9882851
61.1462593
60.8285866
60.5501404
60.4469223
60.5247459
60.9225616
61.6066399
61.8975983
62.1213493
61.7866898
61.1648712
60.7059517
60.0177612
59.2989807
58.723671
58.1460991
57.9707069
58.9556885
59.4655685
60.5508842
61.1508217
61.8393364
62.1811333
62.3508911
61.9645348
61.1566124
60.6221161
60.0381432
59.9740868
60.1742554
60.395443
60.8729897
61.3988724
62.4068909
63.1491432
64.9427338
66.4027786
68.0972824
69.1696625
70.4028854
NaN

hammer_left_distanced from_6.txt
110.80867
110.567696
31.4353313
32.238327
33.2442169
34.2764511
35.525238
37.3282166
38.4370728
39.4160767
41.1136055
43.3130188
44.3060608
44.639679
45.5655746
47.0148697
48.8894272
50.5538139
52.0614395
53.3972054
53.9973984
54.2377396
54.3240623
55.9125595
59.9305458
64.3884811
67.984581
69.8937225
70.7754745
71.3541946
67.9734726
61.4454346
48.8996162
47.9730835
50.8185806
53.4220695
55.6819992
57.5470963
58.5124702
61.4186935
65.2659836
68.0487518
70.2112122
73.0176239
76.7863235
80.67733
84.1840057
88.5539932
94.037384
97.9451752
99.2288513
95.2222366
97.4167099
97.5917206
100.293587
106.090263
111.315063
115.51178
118.178383
117.632797
119.082741
119.601166
123.065475
128.103439
131.986603
135.984756
140.340958
144.154648
147.506424
151.226654
151.695206
153.65213
157.518631
159.274902
159.954193
156.974442
153.642456
155.674728
157.218704
159.811218
161.574097
163.171356
164.570831
166.934326
169.137024
171.816177
173.302856
173.276672
172.407898
171.762009
171.663864
172.038651
172.3797
171.968155
171.874557
172.097061
172.358978
172.070465
170.879303
171.903214
176.40654
175.668533
172.956192
171.405701
172.584183
174.61351
177.442963
179.104752
178.705933
178.526733
178.668518
178.823471
179.272339
178.859787
178.931015
179.512207
179.097565
178.707596
178.920258
179.57988
178.84108
178.422943
177.962692
177.979187
178.417252
178.495728
178.644333
178.338226
178.094437
178.823135
178.725433
177.507004
178.327545
179.115738
179.325653
179.373489
179.188919
179.249832
178.987991
178.731583
178.930817
179.000244
179.115524
179.641174
179.401932
179.202301
179.224945
178.892532
178.628128
179.179565
179.18602
176.466202
175.487167
176.063339
177.199554
177.574234
177.571014
178.054688
178.284454
178.256165
177.748932
177.8311
179.192535
179.324203
179.888107
178.169235
178.204193
178.772202
178.818161
179.053741
179.18602
178.687469
178.636719
179.012253
178.841904
NaN

hammer_left_distanced from_7.txt
8.99614906
9.66818714
75.6309891
74.9857941
74.2093277
73.4756775
72.5072479
71.456749
70.3052902
69.0757675
67.6267395
66.5845261
65.5573807
64.50914
63.5853119
62.5819359
61.465992
60.4996529
59.6145554
58.7733765
57.9692383
56.7890244
55.2638626
53.8161621
52.3035965
50.8017731
49.1143036
47.4446869
44.757309
43.7334938
45.0405884
44.3273697
42.0323944
40.1274376
38.1796608
36.3578148
34.9110298
33.9755249
32.5559883
31.1024075
29.747654
28.5529995
27.1995716
24.9250546
23.2152634
21.8748455
21.8574066
22.9753819
25.5123901
29.2086449
32.8914108
36.706459
41.4049873
42.9243011
44.0008392
48.0276184
52.8728218
58.6207619
64.1762543
65.0161667
61.6181908
54.8421097
55.1663933
54.2479439
52.0773201
48.251133
44.7171059
43.7324181
46.4521904
50.4191628
51.2604752
51.3370285
52.6611824
55.8958321
58.5259857
60.4180794
58.4387512
55.4467087
55.8590546
56.9480934
59.0821495
59.3540649
58.2196045
57.139061
55.6134567
54.2202682
51.6909294
51.6994553
53.9415283
56.1833534
59.3690567
58.0476799
54.6967964
54.5529861
56.1896782
57.6698227
57.0326462
54.1748276
52.0943375
52.7387581
52.6288605
51.8381081
52.9167099
54.9609795
56.079422
54.6010399
55.0675659
57.119751
59.1734619
59.2259445
57.8306847
58.2272606
57.4956741
54.5895233
52.5416222
54.5290146
57.2715912
57.5248985
54.8036804
52.699604
54.901062
57.7680244
60.2262535
59.6103134
56.6070938
55.9979286
54.87257
52.7488213
51.8143845
51.3885536
52.1915474
54.5690308
55.6076012
55.1456642
53.9225616
52.544014
54.2546158
58.5448837
60.8470421
61.1558495
62.5357018
67.3437653
70.1041031
70.4154968
67.3758926
61.9688644
59.6715317
58.2710648
56.9343529
54.1544533
49.7911339
48.4927063
50.8900642
52.4560928
52.643074
53.7697639
53.9018288
52.5418701
51.3443031
50.6174049
NaN

hammer_left_very close to_1.txt
32.544342
32.365509
102.090309
101.844955
101.133919
99.9970856
99.5059128
99.7268066
99.8293839
99.3208771
98.8784714
98.5894089
98.4421158
97.757637
96.6858215
95.231636
94.7129745
95.0401382
94.6644211
93.6802368
93.3584671
94.1192017
93.8614197
93.0234604
93.1580734
93.5768204
92.3070526
92.209404
92.1663589
90.7781601
89.5293732
89.2992096
88.9858322
87.1266556
86.0447388
86.5606537
86.9416122
86.8048096
85.6568222
84.961853
85.0087738
85.3776932
85.3557129
83.6706543
81.8373566
82.0990753
82.8726425
81.5295792
79.9276657
79.4676437
78.6855927
77.4961929
76.8361969
77.2600861
78.5500946
77.7212372
74.5660934
72.7789536
72.9655304
73.542099
73.5493622
71.230751
69.6334991
70.3926697
69.7667618
67.7418365
67.9480743
69.5287552
69.7230072
67.8726425
65.0042191
62.3777351
61.5490685
62.9067535
62.0062408
57.977562
57.7181778
59.1128006
56.4619064
53.0461044
53.0798988
56.1459122
57.0570221
52.8524551
47.7858582
46.5356483
49.1862946
51.035778
47.2890625
41.2972107
39.6475945
38.6259651
34.8681107
33.0673981
36.7368202
38.6025276
31.6676636
26.7403908
27.2146606
30.3968487
32.2200775
28.286171
25.7712555
25.8943329
27.2146511
29.8182831
28.6683426
26.9696465
29.2629414
30.3158741
29.0355892
29.2884655
27.5799789
30.4312935
26.2277279
26.6984177
26.7362537
25.3002739
26.2529774
29.2454624
29.6819801
29.2121944
30.7251587
32.6577148
34.4074249
32.6061592
29.1039963
28.7350941
30.0487614
31.5287418
31.6533813
29.7533741
29.783535
31.9601631
32.7729645
30.5491352
31.139679
32.5781555
31.5245094
29.3825207
29.0576954
30.89995
33.3207817
31.2845516
29.9028149
30.5449753
32.3702545
34.1383896
32.7077255
29.5763283
30.8468857
32.7827721
31.0856571
30.719944
33.3283577
35.7986107
33.2392464
31.5131378
29.0734692
28.2955971
29.7650967
32.2601318
30.910759
29.2554073
31.1865425
32.5890846
31.1116276
31.208128
32.4811516
34.8610077
34.1762924
29.4733047
28.207756
29.4561157
33.9061852
34.2164803
31.3028488
30.7235813
32.0401039
31.6932831
29.7143116
31.2155743
34.318676
31.9558601
28.5088863
28.044323
29.6812916
31.5515404
31.212183
29.833149
29.3023281
29.5415688
31.5901108
31.369915
27.9610233
27.5202522
30.23106
30.1158791
28.8697853
29.7363491
29.1836529
28.0357361
25.8935661
27.131609
26.1930256
NaN

hammer_left_very close to_4.txt
84.8395157
84.4535675
39.0256386
38.9032593
38.7425995
38.2733383
38.4817505
38.5035553
37.9606667
37.6519928
37.7507095
37.5778847
37.398262
37.3252411
37.6382484
38.540699
39.3274345
39.4446259
39.9462471
40.4948425
41.3889465
42.8834267
43.7453194
44.2744904
44.4130669
44.8373375
44.7745667
44.6845512
44.5750389
44.2257729
44.1845779
44.6431541
45.0179405
45.0813484
45.1793098
45.6596947
45.4884644
45.7127228
45.5909462
45.1246262
44.6673584
44.4463387
44.308567
43.3604927
42.4084969
41.4536934
39.6393204
37.3450279
36.7904015
36.8308411
35.9148941
33.3694763
32.0012894
31.635067
31.5046959
30.0674896
27.024332
25.8410358
25.6413937
26.2883644
27.3132839
28.0030289
31.0407887
33.3204269
35.1264534
36.5215721
37.5447502
37.899456
38.9902496
39.8347206
42.3160744
44.5182343
47.8892326
49.8873329
51.363842
52.3905716
52.791851
53.1691971
53.4019547
53.5595398
54.3509941
55.0444679
55.503231
55.082943
55.1985703
55.4397926
53.7949753
50.4697533
47.3624954
47.7881279
48.8543472
48.7908745
48.707058
46.6435432
40.5273285
39.0299263
37.2258835
33.0495911
34.8804665
41.2854691
44.4364967
46.3416176
46.6196976
48.0698891
49.5538406
52.8449669
52.197258
51.4653168
51.0657654
48.3333168
47.4859161
44.4112854
42.6209564
41.261692
39.9352303
38.2918472
37.8531647
37.2152443
36.1712608
34.6794548
34.7707558
34.5710716
33.4973183
32.8025131
32.9112206
33.0247688
31.8577957
32.2192764
32.7579803
32.5730133
34.0569153
34.5542183
35.4313812
35.9763298
35.8179893
36.5606384
37.0107155
37.6215897
38.5374336
37.9169502
37.6619759
37.3668518
36.3892365
36.1995277
37.0011101
37.314373
38.2181206
38.9022255
38.3353157
38.4630394
39.6050797
38.2854385
37.6565018
38.6404953
37.903389
37.7578354
40.24786
40.6263695
41.8182869
43.4560661
44.1883316
47.8835487
48.5936852
50.7606621
54.180172
59.1263237
58.7561493
58.2958717
55.4025116
54.0791893
53.0007706
49.2559586
44.7504692
45.1675072
45.922718
45.6226768
46.0854568
47.2218819
47.2928619
46.6385841
46.9833183
47.3410149
46.0205307
44.0265617
43.2267952
42.1548882
41.1166725
41.2003212
42.1449394
44.0403633
NaN

hammer_left_very close to_6.txt
161.003036
161.042938
77.5524979
78.6074295
79.3922043
80.4222565
81.3473282
83.0823669
84.6275482
86.3393326
87.7722244
88.397316
88.8427734
88.8119431
89.0400238
88.9616318
89.2121887
90.6199951
93.0265121
97.0545349
99.8650131
104.370758
106.091187
106.132217
107.307159
109.538147
110.22094
108.5924
108.308617
107.024292
107.106483
107.978035
109.924461
112.196213
114.29483
116.751442
118.512741
119.863853
120.609138
120.816933
121.441719
121.957413
122.81324
123.828445
125.153175
126.263451
127.359726
128.008301
128.70224
129.461868
130.232864
130.938797
131.720703
132.001572
130.81282
131.098206
131.00238
130.022446
129.789902
130.44928
132.209396
133.604492
134.2285
134.324326
134.845505
135.34671
136.06218
136.013214
135.098969
134.621338
134.327316
134.311707
134.383484
134.172394
133.682602
132.932617
132.213547
132.087936
133.117218
134.612656
136.375656
136.819824
136.056198
134.706055
133.617142
129.810593
129.966965
135.359375
139.852844
145.352371
147.085236
147.574539
147.173935
147.190536
147.264511
146.687759
146.070175
145.165054
143.816193
141.78064
140.521072
140.1539
141.010284
140.826447
140.299866
137.2509
135.738419
133.225403
131.773926
132.779785
134.703064
136.299973
135.906784
132.41951
129.279587
123.646301
118.786469
115.940605
114.556183
114.508331
115.509964
117.503929
118.569588
119.632637
119.484924
118.793823
117.773773
117.454094
117.953529
118.307579
120.72332
122.422714
126.548531
128.714767
131.871414
134.154099
138.838882
140.718628
142.131851
141.798965
141.337601
140.390701
141.287384
141.308304
142.26004
142.647598
143.055038
143.695053
144.341965
144.781097
144.92009
144.905701
146.229568
145.996811
140.563141
138.676376
135.359619
134.994507
135.149124
134.527954
NaN

hammer_right_distanced from_4.txt
49.0996094
48.9322624
156.14093
155.571091
154.759979
153.917358
153.08699
152.119965
151.21138
151.462051
150.159271
148.743896
146.067871
144.653107
143.305191
141.862778
140.406204
138.96022
137.233398
135.606125
133.856308
131.783295
129.472977
127.240692
124.944641
122.786736
120.552338
118.181984
115.653915
113.246788
110.756409
107.868919
104.883293
101.786713
98.7082367
95.3123016
92.2143326
89.5626373
86.5136108
83.6530075
80.1007004
77.6422577
75.0153732
72.3754578
69.6140442
66.5993347
63.5625267
60.3693161
57.2284203
53.8521576
50.6763382
47.4825211
44.9024811
42.3182373
39.9220657
37.9227676
35.7990875
33.9159927
31.8015327
29.6474171
27.4496536
25.0204334
22.4078636
19.8615284
17.953001
16.8891315
15.0630245
13.5771017
12.2901793
10.7663288
8.91678429
8.2178812
6.66526842
5.23917913
2.89908051
0.405418217
1.85899007
2.16554999
1.94561398
2.08731651
1.87784398
1.64651322
1.25663209
1.05980229
1.20804167
1.4793582
1.53352821
1.49160969
1.41816926
1.27855361
1.12656987
0.987347305
1.51775098
1.8141284
1.47233057
1.63182843
1.80439317
1.65752995
1.14620054
0.799908102
0.385629565
0.534125149
0.661456048
0.656407773
0.547869384
0.65521431
1.43694937
1.57097137
1.58819222
1.51349008
1.25085711
0.741513193
0.485777795
0.222056359
0.281160176
0.25022921
0.390169531
0.0656106025
0.561625659
1.45333445
1.90987861
2.43244553
1.26547718
1.20333493
1.21498716
1.70387256
2.4789927
3.72010183
5.56975317
6.87591934
7.40236712
13.4071312
16.9757404
18.0073662
17.1430111
19.9246082
19.2115078
18.7545071
18.6417389
15.2471085
15.9791117
15.5237551
13.624054
6.60939598
6.21703482
5.79359388
3.80524015
3.1753335
1.93461871
1.26160538
0.845109642
0.800397217
1.80905092
1.53237927
0.891093135
0.271242052
0.179136783
0.259443194
0.247872204
0.386643022
0.0484566428
0.485374808
1.23590589
1.62750554
1.95424569
2.25524569
2.27933025
2.12725282
1.19975197
0.73807466
0.117033929
0.428415447
0.79302907
0.882709086
0.864340305
NaN

hammer_right_distanced from_5.txt
47.0456848
46.9991951
76.783989
75.7486115
74.7466965
73.7300797
72.63311
71.5111771
70.1358566
68.5621643
66.4721069
64.8659058
62.8799057
61.1753616
58.4114151
55.6837921
52.9850159
51.3261375
49.9809532
49.5866699
49.7604713
47.3165169
43.7226067
41.9969368
40.789753
39.328434
37.921978
36.637455
35.6406403
34.7007637
33.943428
33.1043625
30.2757835
25.1671829
23.1625309
23.4412384
22.7243137
21.6138
20.1195297
18.5354729
17.170208
16.3969135
15.6019745
14.2082682
13.0426979
12.0892525
10.8048172
9.82783318
9.52908134
9.59503269
10.0644274
12.2629395
13.9635744
14.5006561
16.538084
18.3976841
19.5303421
21.8534527
22.5186653
23.505661
24.4579887
25.0696754
26.0443687
24.1553421
23.0677452
25.1978664
26.2754059
25.9852638
26.5316162
27.6388283
28.0691414
27.7641735
27.8182793
28.0125275
27.23736
26.685463
26.0594311
25.2680817
24.6299648
24.608036
24.4823685
25.0263596
26.2398357
24.8680744
23.3174286
24.1964035
26.5184402
27.3354988
26.5292606
25.9854279
25.4501324
25.1359425
24.5023384
25.1927242
28.190731
29.6159153
29.9841175
28.599659
27.1247787
27.7570534
27.8481579
27.5194702
27.1136665
26.4007816
25.0703201
24.3946476
24.3323345
24.2244339
24.7315845
25.2955761
25.4803066
26.754549
27.3620586
27.4349422
26.9306965
27.6472569
29.1203384
27.2920628
25.4483509
26.354599
26.6531563
25.3094063
24.8451729
24.9481735
25.8678246
26.4784088
26.864296
27.5136452
26.9247456
28.0381489
28.1546135
26.5765114
26.2157555
25.7114315
25.1982193
24.9636002
25.1158581
25.0044575
24.9575958
25.4816322
24.3983517
22.7174072
20.3032112
17.9412651
14.3199139
13.9903831
15.1486635
17.8025188
25.2462006
26.568037
25.1632385
24.7987461
25.2876854
26.1951542
26.4069023
26.5887852
27.1779633
26.2087898
27.4351215
29.8497105
NaN

hammer_right_very close to_4.txt
110.884209
110.729599
156.971222
157.158844
157.520523
157.480881
157.454025
158.627014
159.219299
158.792358
157.680893
157.155273
157.587082
157.041565
154.422318
152.231888
152.239655
153.438095
153.460861
151.561783
149.925568
149.198563
147.232239
144.722076
144.262344
144.157471
141.100769
137.514771
135.774673
135.234161
135.840057
134.263458
129.704025
126.789429
125.633644
124.238762
121.955299
117.634987
114.29155
113.732063
111.874626
108.897751
105.49408
101.516731
100.051231
98.6567307
101.875008
103.780701
103.904373
107.930832
110.383125
107.460648
106.155281
105.545486
105.670372
106.713539
103.217995
99.1078873
101.362366
106.105667
108.676208
108.947372
105.841064
104.839813
107.09597
105.860565
104.80632
106.687599
106.841614
101.089729
97.0202713
100.426094
106.866585
110.106339
107.050041
105.121727
106.428703
106.900566
105.92337
102.609695
101.837593
104.574249
105.982117
103.903374
103.956085
107.606514
106.244484
103.699127
105.634911
103.42511
102.014809
105.57959
106.172241
104.113678
105.188751
107.997925
107.023857
104.583015
103.136833
102.794052
104.251884
103.797699
99.7614975
100.250366
108.998138
113.206161
109.119751
103.969734
103.002197
105.124451
103.979179
102.637428
104.855614
104.697014
100.141266
100.268265
103.334053
107.800079
110.78653
106.627525
103.462563
104.357124
104.25869
103.002792
101.874947
99.873848
101.932899
105.782997
105.680351
107.188782
105.335335
105.228996
105.870338
101.594215
102.445473
103.952545
105.008972
109.519318
109.559303
106.427773
105.809616
105.750397
106.119003
105.08802
101.826897
NaN

hammer_right_very close to_5.txt
97.2250443
97.2431412
33.7742004
32.1304474
31.1180897
30.2721462
29.4899807
28.8438454
28.3257408
27.5593719
26.9404221
26.7479172
26.5650597
26.6568184
28.0167599
28.3301086
29.0677891
31.0973301
32.2420807
34.012516
36.0981255
39.2509232
44.3116493
49.6278
54.6910629
57.8323746
60.3041382
63.0352554
64.688591
65.7013016
64.870369
67.588562
67.612648
65.6478729
66.0237045
66.6471786
64.6971588
64.2937469
63.3572807
63.1780472
64.6655121
64.3992004
63.3764915
61.2276344
59.0617867
56.0033722
55.4970474
57.980526
61.5951996
66.8009567
65.9142761
75.1611557
81.0167694
84.0769882
83.2488708
82.7110062
85.6369247
90.6547699
88.920845
84.6714554
86.2741394
85.4754639
85.4144669
84.7974548
82.9483032
80.6468811
75.608345
73.7082672
72.8457489
71.1436539
71.0465393
73.4383621
76.118309
76.1892471
77.3287125
77.8053513
75.0620346
72.8068161
70.9034424
71.1919556
69.9917145
68.3341446
69.3677216
71.7156448
74.5678253
76.3705978
79.5829163
78.3686371
75.2193375
74.6792374
72.4122238
71.6422119
72.3663712
72.437088
70.9776993
67.2779312
67.9551773
70.2907028
71.8498535
68.2375259
63.9059486
65.9595947
70.8626785
68.4841461
65.5442429
72.897995
79.1735229
78.3883591
75.1153183
72.8428116
70.2071075
68.1931992
68.4751816
69.012352
69.9452515
73.4689484
72.4555664
71.0301132
72.0998611
69.518013
67.6270447
65.8575745
64.6990433
64.2754745
64.0399551
62.4731255
63.4854126
65.7492218
62.7782555
59.7838287
NaN

