kitchenknife_left_distanced from_1.txt
107.833344
106.584526
89.5698929
89.7488632
89.3846741
88.3912659
88.2693481
88.7424545
88.1745377
86.6507416
86.3069153
86.2518997
85.2280045
84.6148911
84.9662323
85.960701
85.8557281
84.7211304
83.7957535
83.5797272
83.9336014
83.1861954
82.8536911
83.7177048
83.8830109
82.7715302
82.2589645
83.0621567
83.1648407
82.2814407
81.7138672
83.3111496
85.0928116
86.2292404
86.6990433
88.8886642
91.2390289
92.1402893
90.6737823
92.1138382
95.1498566
96.0865173
92.5235367
93.4028549
94.6486816
99.7098923
100.150887
98.297493
99.2599945
103.040436
104.879517
101.410187
97.2887268
97.2737579
95.9573441
92.4546127
88.3536758
88.8694687
92.6425858
90.4406815
86.2835846
89.655899
96.5145187
93.2918549
81.3892517
76.690979
78.7143173
83.2305756
83.8283234
81.536644
77.279953
73.5514908
75.2367477
77.6176071
82.5298996
84.299408
81.8437424
76.2455292
78.9071274
89.7432098
95.4041977
92.1021347
86.5232086
87.8556519
91.5309677
90.4203644
88.1230011
90.2813034
93.9120178
97.0077362
96.7972717
99.5704956
103.207985
104.781998
101.315262
98.1178894
99.3460007
102.267807
103.721817
101.407181
101.378822
104.759071
108.618279
108.269287
105.394417
105.013412
107.17717
106.797379
103.470627
98.148056
96.8803864
95.1163712
91.1611633
88.4366608
89.1248474
89.3503494
87.3069382
85.7068253
86.9088821
87.8120651
84.5571442
83.602478
84.686821
83.5491028
81.2860794
82.4110107
84.9973526
84.7037506
83.2517242
81.1099548
79.5475159
81.3368607
82.1433334
82.0272064
84.9781876
87.8070831
87.8565903
87.0833664
88.5671387
90.3032684
89.3778534
88.3462524
90.5012131
93.7442703
95.7520981
NaN

kitchenknife_left_distanced from_2.txt
88.8078003
88.9471741
34.829792
34.7572746
34.6994133
34.5918846
34.6084824
34.8210716
35.1587219
35.4289436
36.2566986
37.3216324
38.2971611
39.7903938
40.9593658
41.3391724
41.1478806
40.4381523
39.6592026
39.1516266
39.4139938
40.3946342
41.5182495
42.9201965
43.7826385
44.6634941
45.5582047
46.5584717
47.5231056
48.4640656
49.127491
49.0078773
49.0546036
48.8893318
49.2140083
49.7200623
50.8483086
52.2076225
53.6040344
55.275753
56.5030327
57.4327812
58.1865654
58.2751961
56.868042
56.3641701
56.3500061
57.6149483
59.661232
61.0066681
64.0995331
64.874649
64.0624695
62.8317795
62.0004196
62.3951797
63.2023506
64.9818726
68.1235275
69.8556824
70.563324
70.781601
70.8273239
71.0971375
71.7039032
72.6856766
73.9996872
74.1054764
74.9300919
75.7696991
76.5597687
76.7279587
77.9161148
78.6323395
79.2880249
79.8039474
79.4997787
79.0804596
78.7159348
78.5812149
78.4433365
78.5665207
78.7512054
79.336586
79.9016647
80.6537323
81.0619736
81.1443558
80.8109665
80.0503464
79.6996078
79.6232452
79.372345
79.1640396
79.3163528
79.4642181
79.8246918
81.1925049
80.7337494
56.0617943
55.4195061
54.9791107
54.5923195
54.4344139
54.355423
54.5178642
54.985096
55.3709679
55.6588364
55.9501839
56.2243042
56.1862907
55.9236679
55.7287216
55.4020538
55.2621803
55.797245
55.8092308
55.1114349
54.5252342
54.4467163
54.4825897
54.5577049
54.7761765
54.7837791
54.5377731
54.2540474
53.8772469
53.6206627
53.2728462
53.1226616
53.364769
53.6916618
54.321991
54.714283
55.0563545
55.1945992
55.2977524
55.3841972
55.2003212
54.9936295
54.9522667
54.9751358
55.4305611
55.997406
57.4533195
58.3418846
59.9602242
59.8926239
57.4530258
55.7773514
52.2162285
51.6876869
52.0277672
52.9124451
54.8410797
57.3148422
59.1204224
61.2945366
62.5965347
63.9380722
64.6364059
64.047081
62.2896805
60.2928314
61.4200592
63.1929436
63.2934799
61.096447
60.7077255
60.6372948
60.7468376
60.1823769
60.9050217
63.5346794
66.1063843
69.9950256
72.0995255
72.9427872
71.7056351
68.7546692
67.5144196
67.484581
68.0040054
67.8397446
65.5866241
63.980957
61.5676689
60.7001228
60.0965538
59.2558479
58.2655373
57.8386497
60.0443497
61.1273117
62.4481316
63.2880478
64.6094894
65.8494186
67.2661896
67.7746887
66.6662979
65.5781937
65.0621109
66.0733948
69.1487122
70.9388046
71.0370407
69.762619
67.016304
65.0226593
62.6664047
62.4453812
63.2987518
63.6925545
63.2592583
63.5156593
65.2609482
66.0005035
65.9639359
66.3901672
68.887001
71.581871
72.8330307
72.0639877
70.259758
67.2189713
64.886795
60.2205162
58.0399628
55.1866341
54.1312485
54.2220726
55.235199
61.3970222
64.9853592
70.3164978
70.9648438
68.4337616
67.1901627
64.7069702
63.3604813
61.7237663
60.8342018
59.6023903
59.2894173
58.9476967
58.5040665
58.3473358
58.6284676
58.9800644
59.1437225
59.2358208
59.2840157
59.1690903
59.0062981
58.4874229
58.2580452
57.8466606
57.6469803
58.0885544
58.5003929
59.172554
60.1351089
60.7787857
61.9508286
63.152359
65.0243912
63.810791
61.4587593
60.5543213
59.3906555
NaN

kitchenknife_left_distanced from_7.txt
122.712448
123.754959
147.694275
147.806808
147.58783
147.335571
147.19072
147.083176
146.749832
146.368591
146.140045
145.615524
144.290695
142.833481
141.162125
139.96701
138.194778
136.071564
134.373428
133.500626
131.763611
129.454514
127.871414
127.014145
124.700119
121.703087
120.088745
118.422447
115.830444
113.434479
111.952232
109.35675
107.455078
106.184311
104.880981
102.631432
102.157654
103.26458
102.467087
100.519196
100.399803
104.942055
107.575111
108.896347
111.377975
112.444687
112.593216
113.538071
115.3797
114.144127
113.718864
116.030518
116.228317
112.178619
109.312439
109.40799
110.992111
109.909828
109.556328
112.879425
112.59671
109.451187
110.578194
111.714989
111.022064
112.357468
114.749992
113.164642
109.529312
109.245354
111.734581
111.908478
111.242081
111.031441
112.330238
112.583992
111.131554
111.368057
112.816078
111.527206
112.18409
113.51281
114.014519
113.80146
114.733795
115.931862
114.799744
113.91906
115.761009
116.463509
115.695717
115.170105
114.86161
114.94976
112.594849
112.091438
113.828804
114.107498
109.491684
106.945503
110.170387
112.907867
110.355972
107.640846
104.6138
104.461075
106.106102
106.763962
106.473892
106.554153
106.671181
107.424171
107.452316
107.50441
107.878403
106.624359
106.334396
105.456589
105.313797
105.575256
105.277679
105.347832
105.966125
105.474922
106.160553
106.611816
106.386612
106.495041
107.013947
109.238724
110.38195
111.672081
111.655159
112.768974
113.835144
114.510414
114.601219
113.580505
112.611473
108.757706
106.060867
102.388786
101.029442
102.297279
104.37764
NaN

