mug_left_distanced from_1.txt
75.7485123
75.7579422
56.5407257
57.2412949
57.5820045
58.1208801
58.7039261
59.0334015
59.0474586
59.206356
59.5751152
60.0670815
60.8445282
61.7422409
62.0168343
62.1371193
62.4398766
62.8485794
63.1330795
63.3208351
64.4597931
65.1217957
66.0250168
66.9926071
67.8634186
67.9450531
68.0033035
68.0822372
68.6066208
69.2229996
70.092186
71.107193
71.8180923
72.4820175
73.2767715
73.9410553
74.449585
75.2041321
75.6286697
75.8341064
76.3455505
76.9426498
77.1980209
77.2552414
76.9816132
77.1218643
77.4057388
78.0311661
78.8299637
79.2444992
79.8224869
79.9753723
80.309021
80.3920822
80.5037537
80.4396057
80.4436569
80.2556
80.1709213
80.2151108
80.5977325
80.4857254
79.9459381
79.7631454
79.5765915
79.1291122
79.0898438
79.3803329
78.9463882
78.0693054
77.1864319
77.1417999
77.1732712
76.3059311
75.0533218
75.5155182
76.5580063
76.3325043
75.8959122
75.5303802
75.6957474
76.0289917
75.8458099
74.9364014
74.8152466
74.933815
74.8380814
74.6943741
74.8992691
74.6628647
74.5164948
74.2549744
74.1535034
74.1457062
74.2547226
74.1255188
73.9991608
74.1919937
74.1548157
74.0871429
73.9175339
73.8937149
73.9105453
73.6985168
73.4875336
73.5508118
73.7831345
74.0647964
73.9521561
73.4498978
73.4185715
74.0153351
74.2983932
74.2425766
74.4313278
74.4546127
74.361969
74.3732529
74.3572845
74.3168869
74.2585373
74.1740417
74.1191559
74.4003143
74.9007797
74.8140259
74.4389801
74.2711868
74.1659393
74.1649628
73.7988205
74.0189285
74.0509262
74.1185608
74.2757874
74.4388199
74.71875
74.4358826
73.975296
73.9713287
74.1591415
74.2103806
74.2951736
74.3476181
74.3496017
74.4617233
74.4959946
74.3127594
74.3556366
74.0579987
73.4272919
73.4434814
73.8799133
74.0606155
73.7900391
73.4896851
73.3876343
73.6117249
73.9025497
73.9079819
73.9368286
74.1476746
74.2825623
74.2898102
74.1669083
74.2424469
74.3901978
74.3051834
74.311615
74.3832932
74.5418167
74.7146988
74.9319687
74.6910324
74.745079
0

mug_left_distanced from_4.txt
78.4643021
78.2107086
48.5624084
48.8936195
49.0680733
49.7250137
50.1055412
50.5023117
50.9396172
51.3589478
51.6778679
52.0462761
52.399868
52.8193665
53.0563049
53.2253838
53.5624199
54.0402412
54.5111237
54.7426834
54.8205109
55.3090286
55.777626
56.1089783
56.3472633
56.636982
56.6717453
56.8503914
57.2983742
57.8149567
58.3356628
58.5796776
58.6824112
58.9902267
59.4305687
59.7262878
60.0419121
60.3014069
60.5747757
61.0667877
61.6786385
62.1137619
62.5424385
62.9523849
63.2718544
63.6993561
63.8652687
64.0441971
64.4799118
65.0267181
65.6144485
66.0722275
66.5681
67.1279678
67.4510117
67.7300415
68.013176
68.2046051
68.617981
69.1684341
69.6025543
70.2826309
70.744957
71.1396179
71.5525436
71.7917252
72.0936661
72.5109329
72.7705002
73.2615051
74.0020065
74.5855408
74.9329605
75.5261993
76.3311386
77.3165436
77.8236618
77.8416901
78.1555099
78.7208939
79.2025528
79.7906799
80.3748703
80.7814255
81.477066
81.8044968
82.0050125
82.1363068
82.4734192
82.3885345
81.3087311
80.5798187
80.3639526
80.3663025
80.8627853
80.9929581
81.0559616
81.1353226
81.1689682
80.9430847
80.6954803
80.416008
79.9831543
79.9812851
80.8755646
81.178421
81.6989975
81.8003159
81.5548477
81.0817108
80.6203003
80.6687851
81.009285
80.9718475
80.5809479
80.2990494
80.2695923
80.6758423
81.4055634
81.6138
81.6180038
81.6130829
81.2052994
80.7621765
80.6675797
80.0604095
79.8972778
80.7785263
81.3278503
81.8326492
81.9819489
82.3604584
82.5331039
82.0198746
81.4933319
83.2298126
81.3916092
82.0270386
82.5159225
82.5095062
82.3751755
81.9504852
81.5862045
80.8640976
80.0828705
79.8981552
80.3788757
80.717865
80.9541779
81.4620667
81.6624298
81.7298279
81.4660416
81.0383453
80.540741
80.4541245
80.6277618
80.7921219
80.891983
80.6629105
80.5308685
80.7963791
81.4387817
81.7299423
81.6922607
81.3109512
80.9743805
80.4177094
80.1170807
80.4040756
80.5995636
80.8515167
81.0652161
80.9973068
80.8889236
80.813652
80.7472534
80.3619156
80.3657379
80.5600815
80.3319092
80.8310547
80.9428864
80.967598
80.9788361
81.0882034
81.0312729
80.7196579
80.5666885
80.1460037
0

mug_left_distanced from_5.txt
53.8865547
53.77491
25.0667229
25.3856602
25.7686348
26.4421673
27.1505032
27.8954277
28.7415619
29.7083664
30.5422745
31.2200947
31.7285385
32.0518646
32.4457817
32.7616196
33.1430168
33.6514587
34.4331818
35.4304237
36.5064011
37.7339401
38.8209038
39.9445877
41.0012589
42.1957817
43.156601
43.9212723
44.7700462
45.3239403
46.0479927
46.8075104
47.7457199
48.9103966
50.0235519
51.1878242
52.4819489
53.9388428
55.0707245
55.8786774
56.6531067
57.4537201
58.0834312
58.7039757
59.4270401
60.2844925
61.2418137
62.1728096
63.0866051
63.9782867
64.9060135
65.6323318
66.2265778
66.5875168
66.9232101
66.7406693
66.9159317
67.576889
66.9664459
67.5210724
68.7856369
70.5434418
70.8321152
70.9057465
71.09095
71.2585831
71.3308182
71.3952103
71.427681
71.3267441
71.105835
70.8938675
70.6525192
70.3765717
70.2757797
70.2892914
70.3777466
70.6408997
70.8167877
71.0790634
71.2314301
71.2189255
71.1109619
71.0152512
71.0086746
70.8551865
70.6566772
70.5336838
70.6594543
70.8256302
70.9600296
71.1567307
71.2791367
71.2946243
71.2309265
71.2453384
71.1791534
70.9949875
70.8960648
70.6904984
70.5516891
70.4357224
70.4160538
70.4774399
70.6341934
70.8683243
71.0094757
71.1779404
71.3120728
71.2536316
71.2629929
71.3495331
71.3119125
71.2227707
71.0858841
70.9663544
70.7037354
70.5575027
70.4855347
70.4378738
70.704361
70.8286591
70.8617477
70.6822205
69.6262665
69.5978699
70.8334732
71.4269791
71.6525116
71.7737503
71.8418121
71.2630768
71.7392044
71.6370087
70.9829025
70.8661194
70.4673843
70.4738007
71.692131
72.3789825
71.4470978
70.0175018
69.6187134
70.1009064
70.5038452
70.6138077
70.5512619
70.6094818
70.7372055
70.9133301
71.0597305
71.2437897
71.3211975
71.347229
71.4053802
71.3843613
71.232666
71.0257111
70.8957214
70.6719513
0

mug_left_very close to_1.txt
60.7009506
60.8099861
30.4254055
30.6697826
30.978302
31.2616768
31.544775
31.8507767
32.1919441
32.5001602
32.6412315
32.8425789
33.1876183
33.6265907
33.9997826
34.3074875
34.6269493
34.9125786
35.2031517
35.5389023
35.6334305
35.7462158
36.1391068
36.5890923
36.7432785
36.9383659
37.0915337
37.5147171
38.0271034
38.4771919
38.8320427
39.4496269
40.3765335
41.2331657
41.8000488
42.365921
43.2014427
43.9717903
44.4881821
45.1583748
46.2168045
47.0826454
48.0184364
49.3599701
50.8175659
52.2232323
53.5273666
55.3827782
57.4153023
59.3619041
61.1385956
62.3502693
64.7298431
68.9099121
71.9462814
73.4380875
75.2553177
78.4356003
80.6963272
81.8196869
82.0023193
78.8642197
77.5557251
76.9967957
78.0625916
78.4434967
77.694252
76.74263
76.6868439
76.3935242
76.2483292
77.2030411
78.4361572
79.2731857
79.3946152
79.6515656
80.5601501
81.5025558
81.1998291
80.5712738
80.0382462
78.4764481
77.4241714
78.1244659
78.3560638
77.941597
77.5332489
77.9689407
78.0717316
78.1690903
78.7565002
79.3614273
80.5064926
80.924202
80.5563965
80.14814
80.2578354
80.445488
80.1071472
79.7252579
80.0743866
80.333992
79.6878052
79.5321655
79.473938
79.3130493
79.0545273
78.6113434
78.3798676
78.093956
78.0022964
77.1950073
77.0101624
77.4660187
78.9608459
79.7594604
80.2403717
80.9460449
82.5544281
83.1258392
83.1051941
83.3795776
83.4137192
83.3670959
83.6064758
83.8210449
83.9270172
83.6078033
83.5161514
83.0975571
82.7297134
82.4122696
82.4440231
83.2270813
83.7107468
84.3059921
84.4150238
85.043602
85.7538834
86.2988434
85.5374603
83.04142
81.0020905
77.9469833
77.6065674
78.8372345
79.8342209
80.4670792
79.7733994
77.4056854
75.6946564
74.8130035
75.183075
76.5039597
77.2059937
76.8395386
75.848114
75.8798752
75.7857513
75.3947525
0

mug_left_very close to_4.txt
80.4910126
79.9224548
108.678818
108.944458
108.620316
107.971756
106.774582
106.207153
105.705307
105.463371
105.371826
105.321503
105.265594
104.795395
104.029594
103.379807
102.808395
102.295807
101.729057
101.160133
100.526741
99.9537506
99.3322906
98.7794647
98.2459412
97.7919769
97.4039001
96.9873657
96.6640701
96.2647247
95.8585358
95.3908691
94.9682693
94.5092773
93.9759064
93.3903503
92.7952271
92.1461945
91.5775757
90.9890823
90.3902969
89.7616806
89.1916199
88.5727997
87.9767914
87.423996
86.8789368
86.3737793
85.8461151
85.2967606
84.7312927
84.0836868
83.4346466
82.8532486
82.3275757
81.8119202
81.3326263
80.9437103
80.5684357
80.0561066
79.3973389
78.5177765
77.7784729
77.0322571
76.3824234
75.7911301
75.2817307
74.8061218
74.6137314
74.2757263
73.5040131
72.6316986
72.2772064
71.9786682
71.9301071
72.0466156
72.3362885
72.1473541
72.0450974
72.0849686
72.2077484
72.4855652
73.0135498
73.3949051
73.6487198
73.5450439
73.0904007
72.8784332
72.6790466
72.6939774
72.9135895
73.0951843
73.4915619
73.7230148
73.8594818
73.8210754
73.7017975
73.6338654
73.6812286
73.8865204
74.0954285
74.2065811
74.4022827
74.5857391
74.6047668
74.7252197
74.8782959
75.1887207
75.437355
75.8166962
75.931488
75.6653748
75.4380646
74.973877
74.558342
74.2412567
74.1273117
74.1208496
74.2057953
74.237236
74.2032776
74.1968994
74.1833954
74.248497
74.3499985
74.4825058
74.5597305
74.4657135
74.3242035
73.9639893
73.6917572
73.7923431
74.1291351
74.8442535
75.2113647
75.4450455
75.2473221
74.524353
73.4439011
72.9196625
72.7717056
73.1853638
74.3319931
75.392334
77.1194458
77.4087906
76.8121033
76.8045502
77.3750153
77.0595016
75.291687
74.2285004
73.0698318
72.6676636
72.9500122
73.5128632
74.6009827
75.149437
75.513649
75.4225464
74.9355316
74.4885254
73.9409637
73.8035278
74.0792542
74.2771454
74.4785995
74.5616531
74.4819641
74.4294586
74.2407227
74.1452179
74.0904617
74.0548096
74.0918961
90.0000076

mug_left_very close to_5.txt
76.4775085
76.529274
47.4587288
47.8663406
48.243103
48.6491051
49.0373497
49.5031548
49.8826523
50.0655899
50.5010071
51.0310097
50.9778366
51.6517715
52.1234856
52.507
52.661171
53.569725
53.8397942
54.2266502
54.9312668
55.4838333
56.0340347
56.6037102
57.2243118
57.7434158
58.273632
58.8491211
59.4608459
60.0189896
60.6398125
61.1419296
61.5782814
61.7565346
62.1659355
62.644165
63.1254883
63.6552315
64.2156219
64.9291077
65.5502014
66.1817322
66.949028
67.5402527
68.1053925
68.7222214
69.4572067
69.8569183
70.3836212
70.9440994
71.5079956
72.1437531
72.7930832
73.5113525
74.1835098
74.8574905
75.5396729
75.883316
76.4216537
76.6465149
76.8704529
77.3255386
77.4842072
77.5749283
77.7785568
77.7983017
78.1058655
78.4565582
78.6475677
78.8578033
78.8968964
78.8781891
78.7060852
78.2922134
77.929512
77.447731
76.9371338
76.3157196
75.7477036
75.1142883
74.5265961
73.9862061
73.241394
72.4474258
72.2983856
72.1769714
71.4103012
70.4194794
69.7200165
69.3092804
69.5075912
70.1407166
70.1448822
70.2154236
70.3597717
70.357605
70.3546448
70.3500214
70.3098373
70.3167191
70.3307724
70.3084641
70.2535019
70.2439346
70.247261
70.2811356
70.318985
70.5138474
70.5535278
70.6078644
70.6691437
70.6888199
70.5445862
70.5231018
70.4601059
69.2651443
69.4450455
69.7717896
69.8629684
69.8348694
69.8012009
69.8052139
69.7734604
69.7338638
69.7202988
69.6885834
69.6638107
69.8444366
69.9187851
70.033287
70.1156006
70.2143326
70.209465
70.0641174
69.9456863
69.9023056
69.9351425
70.0673294
70.0626068
70.0490875
70.2533569
70.2401733
70.2416534
70.1232071
70.0814133
70.0050583
69.973465
69.9317245
69.9234238
69.8576965
69.8186264
69.8295898
69.6474075
69.7950287
70.0910797
70.1438675
69.3267136
69.3132553
69.2722549
69.1891022
70.0343323
69.958725
69.6444168
69.5550156
69.8027725
69.7946472
69.795578
69.8505478
69.848938
69.8548584
69.8640518
69.9290314
70.0341415
70.1563873
70.1521683
70.132843
69.8922882
69.8877563
69.8802109
69.9199295
70.0946045
70.1246338
70.3181076
70.3273621
70.2782974
70.186409
70.1088791
70.0381546
69.9736099
69.7762604
0

mug_right_distanced from_5.txt
70.9332962
70.8368683
39.4965096
39.9515572
40.200367
40.1625824
40.2807732
40.4984894
40.8586807
41.2168007
41.4597321
41.4801064
41.5783882
41.6747475
41.8382187
42.0530853
42.4988785
43.3557587
44.0296707
44.7439995
44.9884529
45.0533981
45.130703
45.2998772
45.5470428
45.798111
46.0640755
46.384346
46.7514267
47.131424
47.6604843
48.1945343
48.7397232
49.0669518
49.1662331
49.630619
50.4254494
50.8208275
50.9771881
51.1149216
51.1866074
51.3822289
51.4405632
51.552906
51.6781082
51.9187622
52.0782089
52.456501
52.8793373
53.7184372
54.2768974
54.6668091
54.8647614
54.7210617
54.8587303
54.845459
54.7796593
54.8203201
54.7241516
54.9445877
55.2690392
55.6186562
56.0883026
56.6447868
56.9892082
57.5283623
57.7323875
57.6256714
57.4768982
56.870636
56.2367554
54.6532669
53.6634064
51.8915672
50.6875725
48.8471985
48.102787
48.1368027
48.6634789
49.3460846
49.5016708
49.5172272
49.8507233
50.0209541
50.2757607
50.4644623
50.6054535
50.8950958
51.4534721
51.7687035
52.7099266
53.3507843
54.0612602
54.4149208
54.9318886
55.1492043
55.3943291
55.4950256
55.4042053
55.1528244
54.7698174
54.4948578
54.3917084
54.4787521
54.8455238
55.2515831
55.8549309
56.379097
57.0256195
57.7682877
57.9515343
57.1907921
56.3877563
55.8930092
55.286972
54.9932022
54.6354523
54.4547768
54.4195213
54.5924683
55.0127869
55.3175049
55.5387726
55.4257507
55.4126205
55.3673706
55.1326027
54.7083511
54.2641029
53.173893
52.3754539
51.4732437
50.8176727
50.1188393
49.8602409
49.5195808
49.3796768
49.2701797
49.2182312
49.3448944
49.2857475
48.7797089
48.2679787
47.9667435
48.4451599
50.1105576
51.230896
53.0915489
54.3077812
55.9617882
56.785408
57.5337639
57.7001686
57.6405602
57.5326996
57.0081253
56.5561333
56.0703392
55.5348167
55.2430992
0

mug_right_very close to_4.txt
85.6174316
86.3084335
36.7526283
36.9291954
37.1752167
37.4328232
37.6351357
37.8989067
38.1083298
38.1821899
38.113308
38.2370911
38.4578018
38.76157
39.0643539
39.3726616
39.6995583
40.1214752
40.3741531
40.6648521
41.1106758
41.6001663
41.9501381
42.3988838
42.6673622
42.8011551
43.019146
43.3619995
43.7190361
44.0263481
44.3156052
44.6994705
45.0260162
45.2869911
45.5412674
45.8465309
46.137207
46.3716278
46.6730728
47.1106873
47.5393105
48.0471153
48.4812813
49.0463409
49.532814
49.9900818
50.4276657
50.9803925
51.5842667
52.2060165
52.4005661
52.2607727
52.5692253
52.9882584
53.2326508
53.82024
54.4598427
54.8784103
55.4624329
56.0630226
56.5163002
56.8238792
57.2223473
57.7891808
58.1887589
58.6354141
59.4844513
60.3199005
61.060791
61.8563881
61.3534126
62.6290245
62.9998016
62.4193306
64.1212311
66.7748871
69.2661743
68.1852036
65.232872
64.7333679
66.9041595
68.2717514
68.3916855
69.0010147
69.434288
68.8790283
67.5610046
67.186821
67.7338257
68.3193741
68.2228622
67.7401428
67.5557251
67.1005249
66.5296783
65.8332214
65.9143906
66.2031631
66.6571198
67.9157715
68.8831558
69.1034393
68.1392212
66.9073715
66.6686707
66.0659256
65.6215363
65.0975266
66.0428772
67.9231339
67.2707443
65.6921768
66.1031799
67.4990921
68.7349091
71.3788757
71.2278748
69.3702774
68.448616
67.3396378
66.5584717
66.3672943
66.205925
66.2868576
66.9764633
67.5878983
68.153244
68.0801163
67.527359
67.7695847
68.4885864
68.6740646
69.5709839
69.5786743
68.2638702
67.077179
66.5574341
66.3382339
64.3991776
63.9055595
64.2488937
64.6095581
65.2709122
65.325676
65.4720688
66.2901459
68.0084152
69.106308
68.3453674
67.2564697
66.4413605
65.2898102
64.9944153
65.3390808
65.4144287
65.4871826
66.2324829
67.7616959
68.3714371
68.8529358
68.764183
67.6093063
66.8049469
65.2596283
64.3758545
65.0462723
65.8251877
66.5537949
66.5397568
66.1742783
66.260025
67.1954193
68.0448456
70.3218918
71.8853378
0

mug_right_very close to_5.txt
77.761055
77.9633484
48.9333153
49.155632
48.2788391
46.7490463
42.1783447
40.8262825
41.0371094
41.9281349
42.5915642
42.889782
43.1039886
43.2626953
43.5872383
44.0716667
44.3756409
44.6201553
44.9419823
45.2341003
45.5968246
45.9497337
46.2674675
46.6914101
46.9867783
47.3145752
47.1839027
46.9624596
46.4593048
47.0191116
47.7247734
48.4562531
49.1907158
49.7125511
49.7127457
49.6607018
49.2698746
49.0212669
49.2391396
49.8828659
50.6975937
51.454258
52.1257172
52.6460228
53.2698021
53.8277435
54.2693901
54.8665276
55.521801
56.3407288
57.101799
58.1014633
59.5656624
61.8666458
63.3289528
64.7338638
65.6495285
66.8106461
67.691864
68.6180725
69.3859177
69.8951416
69.6683273
69.338295
70.0940552
71.2843094
71.6389465
72.4337387
72.9918365
73.6040039
74.2064972
74.8009262
75.3525467
75.6551285
76.034584
76.8433533
76.8698578
77.3054276
78.3899765
79.6488571
78.7093506
78.7254257
77.8172607
76.6617813
76.4635696
76.3356323
75.6017685
75.1550751
74.6349869
74.5016174
75.0027466
75.7365189
75.6941223
75.8897858
75.9563217
75.8031998
75.7417755
75.6639709
75.5589371
75.5893555
75.6552124
75.7314682
75.314682
75.014122
75.5100403
75.6813278
74.8901825
74.5723267
75.6508789
75.9696274
75.958046
75.8785324
75.8673401
75.9672089
75.1585312
75.7410583
75.5943604
75.6303711
75.8210831
75.7746658
75.6518936
75.6221313
75.4927292
75.3231506
75.5314255
75.2793274
77.0038071
77.3280334
76.6597595
74.6685257
75.6829147
76.0419159
75.0995789
74.7268982
74.7218552
75.0912476
76.2649307
75.305397
73.4698334
73.9898911
74.5747986
75.6043625
75.7420502
75.780014
75.6906128
75.6729431
75.5343857
75.4280472
75.5143814
75.5125275
75.3946304
74.6561432
74.5694504
75.7819214
75.7372055
75.5252914
75.3916779
75.6620407
75.9839096
75.8389053
75.2492981
75.5565491
76.0952682
75.8656006
75.6174164
75.59021
75.6215439
75.7530441
75.7472763
76.4751587
75.6200485
75.5524445
75.7029419
75.8983231
75.9757843
75.9322968
76.1724319
76.0959778
76.0429153
76.0333633
75.7900543
75.5770721
75.7999573
75.6181641
74.676445
72.6220932
72.5335464
72.4250488
74.03508
75.7875137
0

