powerdrill_left_distanced from_4.txt
130.846558
129.944534
96.4158173
96.2959518
96.4267273
96.4416656
96.8848495
97.6582947
98.5225601
99.2998581
100.125305
100.997696
101.882492
102.389984
102.53701
102.548027
102.66642
102.726036
103.03318
103.453575
103.984169
104.571434
105.480904
106.501045
107.206299
107.905334
108.505409
109.442459
110.273033
110.886703
111.264175
110.631699
110.339928
111.036514
111.861893
112.55336
114.324974
115.354271
115.509071
115.969727
116.604774
117.380806
117.16317
117.825439
119.68116
119.564362
118.897751
119.897156
120.844177
121.184158
123.134064
126.339783
128.274231
124.32666
117.023026
109.908913
102.846848
99.5876999
89.3941574
86.6471558
91.8093109
105.069763
111.105095
111.885025
111.111069
112.067924
113.030571
115.141243
115.969208
115.730743
114.683701
112.107239
110.16021
108.088081
106.524544
104.51342
103.602844
104.074707
105.745804
108.702782
109.781471
111.021393
112.212341
112.632179
112.766228
112.120766
111.737938
112.807487
114.36454
115.009567
115.696388
114.37149
114.62101
117.90094
121.882294
123.490997
124.967216
125.497368
125.973404
126.029205
124.148155
122.099129
122.652962
123.784187
124.142136
123.506927
122.649734
124.291824
126.560623
127.549232
127.433693
126.736076
125.282654
124.517258
123.977539
123.540627
121.262321
118.437752
114.324425
109.764999
101.084549
97.4235077
97.3546219
101.40255
102.953087
101.524841
99.973259
100.091812
100.432365
101.8414
106.298927
105.379112
102.143463
103.382614
107.731079
112.683884
113.236824
114.546188
117.224144
119.60743
119.166405
116.39679
113.474281
109.6073
108.480759
107.99678
107.248901
106.592499
107.280006
107.428802
107.14463
108.333321
107.941139
104.097771
102.608864
103.79348
105.808739
108.769623
110.664864
117.43837
NaN

powerdrill_left_distanced from_5.txt
85.8132706
86.3948822
101.872147
101.478012
100.925789
100.501404
100.086662
99.9083939
99.6811218
99.5824432
99.2350159
98.7022781
97.6855087
96.8286438
95.4870911
94.3789673
92.9558258
91.9221725
90.4633636
89.3288727
87.0750427
85.38797
83.6607742
82.4703445
81.1148529
81.5773621
83.2165756
82.7402191
81.8178864
81.1869812
80.830452
80.6294556
80.3617935
79.6780243
78.9282532
78.0512619
76.8711624
75.449707
74.2491531
72.3025589
70.6559982
69.7547073
68.8170013
68.0907135
67.2100601
66.1252365
65.1991196
64.7278748
64.2306595
62.8488541
61.6120224
60.2968712
58.9516144
56.8747559
56.0447807
54.8283119
53.6614304
54.9151611
53.5708961
54.1293869
56.1604805
59.5334473
59.7045555
60.5359268
61.2630348
62.1029701
61.5006638
60.1722946
58.389183
55.8241768
56.3268089
56.6674805
56.7145157
57.9151611
57.4918671
56.8757515
57.7645302
57.2028046
56.3596268
57.0341988
56.0086555
56.6786613
59.8951645
61.0975876
61.8897057
63.4400063
65.929039
67.2826767
71.7386932
73.9890213
80.541832
86.1101227
94.1355591
94.1802444
92.6186981
91.1387405
88.7080154
83.4755478
75.0278702
70.4289932
68.4605484
66.6638031
62.5793686
61.2344704
60.9336128
60.1082764
57.8024445
56.5498276
55.4721069
53.7618065
52.2388763
52.132843
52.4166908
53.09161
54.8681107
55.7428398
55.5358925
55.3517838
55.5843925
55.3121376
54.819828
54.4741287
54.6809807
55.0681114
55.1367493
55.1464577
55.8294945
55.8191414
55.0472412
53.7851486
53.5690765
53.4324417
53.6021461
54.9773674
55.9299278
56.3848457
57.6436615
59.1246376
59.5596466
60.0091057
62.7463455
67.4831543
68.7379532
72.486351
77.993454
85.1859589
91.2349243
92.5793152
93.8970261
94.9407349
92.7397614
84.5802383
76.0522385
71.8533249
68.8963089
65.2973022
63.5708466
62.2791481
61.1602936
60.8557281
NaN

powerdrill_left_very close to_5.txt
101.58522
102.384605
145.009979
147.725922
149.978912
151.425507
152.734741
153.209732
153.386292
153.364273
153.286346
153.172409
153.143143
153.484375
153.659088
154.002838
154.334641
154.494186
154.474426
154.275879
153.473892
152.962601
152.38884
151.503448
150.712555
149.954697
149.011826
148.529114
148.547485
147.970795
147.732895
147.551117
146.522034
145.520508
144.303833
142.509888
140.724045
139.093506
137.536163
135.716858
134.16954
132.790955
131.411377
130.101151
128.910446
127.791214
126.623734
125.600365
124.621597
123.419563
121.761719
119.416321
117.339867
115.278717
113.558136
111.910652
111.063644
109.466034
108.910454
107.596138
105.588753
105.103157
105.447495
105.69957
105.393105
104.38781
103.84903
103.685059
103.532692
103.493553
103.630203
103.703941
104.215637
104.518845
105.150703
105.54599
105.479683
105.390778
105.365768
105.077293
104.259018
103.85717
103.625931
103.646477
103.12912
102.766525
103.162102
103.665375
104.238731
104.564949
105.200577
105.791016
105.786217
105.850555
105.662048
105.07885
104.55175
104.581261
104.967537
105.354485
105.816818
106.039459
106.449928
106.694389
106.78495
106.741882
106.774597
106.434624
105.329628
104.067711
101.908211
98.4349136
96.4510193
94.6314697
94.4179688
94.4316025
94.951004
94.8896637
95.185997
95.4865341
95.6507568
95.6229401
95.4600754
95.6363068
95.7554169
96.4995804
95.8966827
94.5434875
95.2047577
97.7012329
101.100014
107.850563
112.546669
117.182091
120.461739
124.829208
128.289215
131.709015
132.619278
132.893784
133.448257
133.365189
133.552109
133.390045
133.709641
135.245239
136.061752
137.392807
138.044464
137.621216
136.041336
132.379959
127.185707
120.711777
116.885727
113.508453
114.378258
116.199249
119.060509
119.280296
NaN

powerdrill_left_very close to_6.txt
50.783905
51.1126099
90.8248291
89.7925873
88.3052292
87.2848969
86.898201
86.7681961
87.1463623
87.4043732
86.9093246
86.1886826
85.5988464
85.0804672
84.200798
82.6903534
81.5406342
80.5992355
79.6637726
77.9036636
76.0106735
74.5136185
74.1080704
74.2654953
74.5062103
75.8102798
76.8705597
78.905365
79.9169617
81.4251862
81.79422
81.9222641
80.7844238
77.7648392
75.5961685
73.6833496
73.3032837
73.7330322
73.9831314
74.0293961
74.1056824
75.0344391
74.7294006
75.3813019
75.1940842
73.9848175
71.8943939
71.0733337
70.2176819
69.8152618
69.3724899
69.2193375
69.2340698
69.3562927
69.9524002
70.3838501
71.0332794
71.3216553
70.9220123
70.3431625
69.4274673
68.6646957
67.3756714
66.4159775
64.6170959
62.4528465
63.8801308
66.531395
67.583992
69.1987915
69.9905319
70.787735
71.1441498
71.3567734
71.254921
70.3951645
69.851181
69.1324005
68.8367157
68.4626999
68.1458435
67.9085007
68.0691833
68.7777252
69.7661972
71.4877548
72.3383408
73.3460083
74.2156296
74.7223282
74.5771255
74.1964264
73.5697708
72.0728226
70.9971161
69.0247803
69.1867981
72.0931854
74.8481293
78.116188
78.624939
77.0800095
74.1676712
71.6818161
68.0111389
64.7832794
61.6097679
59.9384155
58.6425552
58.0390701
58.4039307
60.842617
63.8687363
64.6962357
65.2053452
65.544487
66.992897
67.6985626
67.8057404
67.5764236
67.9948578
67.9530945
66.1879959
63.9998627
61.3627396
59.9978294
59.8901253
61.3415527
64.2812881
65.9189301
66.6374435
66.5682983
66.1170807
66.1014862
66.8306046
67.2880554
67.4265289
67.3165588
67.4129715
68.1669312
70.1568604
70.5623703
69.4373474
69.0066605
68.6365891
NaN

powerdrill_right_distanced from_1.txt
148.876968
148.627975
77.9169922
79.5759048
81.0748749
82.5576706
84.0552216
85.52108
87.140976
88.8593292
90.568512
92.1990128
93.8595734
95.4932709
97.0596466
98.5543365
99.893959
101.283844
102.630806
104.192978
105.851479
107.289108
108.505455
109.886795
111.34082
112.891853
114.415413
115.755508
117.030441
118.486244
119.965965
121.395439
122.85054
124.354179
125.798561
127.291054
128.900833
130.587494
132.384781
134.038681
135.699478
137.457779
138.94458
139.612549
140.618378
141.502304
140.335739
140.325638
140.385269
140.54007
140.598236
140.582092
140.510025
140.627472
140.758896
140.779358
140.796066
140.772354
140.634949
140.490112
140.388199
140.347549
140.544662
140.866302
140.993118
140.993759
140.785629
140.527191
140.53891
140.528107
140.518555
140.589035
140.502411
140.310028
140.314545
140.301834
140.361557
140.402512
140.370148
140.68158
140.861053
140.782379
140.83905
140.784027
140.69191
140.634598
140.398209
140.43251
140.512283
140.456253
140.408783
140.358475
140.52475
140.560165
140.407196
140.482758
140.622375
140.597153
140.615601
140.617554
140.574097
140.483307
140.239136
140.247238
140.498215
140.663727
140.619232
140.734268
141.202118
141.217926
141.008804
140.911606
140.662796
140.520889
140.514328
140.373138
140.216385
140.244965
140.384308
140.41835
140.385391
140.394348
140.475296
140.683273
140.882797
141.044342
140.92218
140.701447
140.638824
140.240204
140.013184
140.201279
140.334274
140.35022
140.214981
139.997589
140.053436
140.533218
141.67926
142.520767
142.877335
141.085297
136.204498
135.082108
138.439835
130.445221
130.824127
60.0210266
61.83078
63.2488098
64.284256
66.1095276
67.8800659
69.3520584
70.8931046
72.196907
73.2753296
75.5430603
77.3460922
78.3035049
80.5948257
83.1998978
84.080452
86.8600464
89.3858261
90.7779312
92.8115692
94.5142975
96.3683319
99.2627029
100.741516
102.601089
105.403793
107.866486
109.64682
111.949966
114.019249
117.140884
119.723816
120.593834
121.797066
124.179039
126.850479
129.000427
131.530197
133.577225
136.136948
139.339569
140.57164
142.314697
142.998886
138.68042
139.110703
138.797562
136.501175
137.470474
141.389526
143.024536
141.878006
141.127029
141.302811
141.422134
140.907166
140.165787
139.8918
140.016663
139.584702
138.459534
138.430435
140.984818
144.477448
144.04982
141.924622
142.128906
142.268143
141.28981
140.025589
139.902527
140.472961
141.024139
140.573242
139.729691
139.747742
140.296326
141.06575
140.372101
138.02684
137.418488
137.431305
138.203094
140.347855
139.676788
136.318863
138.34845
141.295807
138.991516
139.866623
141.262054
140.307098
140.074677
138.283035
141.164352
144.362228
138.279709
137.528717
141.744278
139.318451
139.018555
141.645203
138.815948
138.278214
141.12233
139.848999
140.650146
141.463455
138.61908
138.472977
140.294571
140.877625
140.240479
140.228241
141.39357
141.232346
140.406235
140.540466
140.485855
140.483353
140.858963
140.464127
140.275635
141.023727
140.457001
139.222733
138.653793
139.126495
139.544876
139.922684
141.617249
142.809448
144.230118
144.886185
145.843216
146.496384
142.873657
139.046341
140.304733
140.924881
140.41655
141.318985
141.033905
NaN

powerdrill_right_distanced from_4.txt
95.4552689
95.4665298
18.0630264
18.8239574
19.9488735
21.0719204
22.37994
24.4657745
25.9782467
26.6377201
27.3547382
28.0971069
28.7843609
29.6868839
30.6375828
31.4915371
32.8096046
33.8325386
35.2907791
36.7640457
37.5837746
39.1004448
40.8346367
41.0357056
41.4687767
43.1812935
44.1474571
44.9061737
47.4432182
48.0102386
47.7627335
49.9108582
51.5366364
49.6632805
51.5971642
57.788311
62.097477
65.544075
67.6082382
70.4622879
74.6158524
78.940033
79.7761383
80.1197815
78.5681839
78.5623627
76.8906784
75.1987152
76.5649567
79.2228851
77.3834381
75.7717896
74.1677017
72.3303757
67.6051102
65.3141785
66.4948196
66.5679703
66.4837875
68.2074966
71.1092072
73.1380234
72.6448441
71.8197708
71.8239212
70.4772644
70.7590637
71.1435852
70.796463
70.7547302
68.9649048
70.8440781
71.1533737
70.2751465
70.6993942
69.5754395
70.6050415
73.5718842
73.0632019
71.9259872
72.585083
70.866188
71.6009979
73.6984863
71.6023102
73.7632065
76.3437729
72.259285
72.7181091
77.8406296
75.3184128
73.2495193
74.8431931
72.4482422
72.6053238
74.3271484
72.6792755
72.5418701
69.461792
66.4196396
68.3333435
68.3525772
70.9387589
75.244339
73.1950302
74.9955292
89.0677032
92.4347305
86.0970001
87.0557861
93.1643219
94.9202271
94.228302
92.4212646
91.3695068
91.6052475
94.2467651
94.8509216
91.5242386
89.2662354
85.8184586
82.9218292
80.3180313
79.408287
79.3929291
80.9481506
83.0329132
83.6027908
84.1226425
85.6753159
84.5671997
82.1144562
80.6904678
79.8077469
79.0017548
75.5917816
74.4310837
76.9313278
80.5703354
85.108902
87.407402
88.3237381
87.5774918
86.0976334
83.5618591
NaN

powerdrill_right_very close to_4.txt
63.6106873
63.6581001
119.775963
121.11869
121.964256
122.451439
122.754402
123.177269
123.526871
123.187325
122.871155
122.499908
122.115654
122.047379
122.199272
122.002907
122.68531
123.812904
124.590096
125.801277
126.759941
127.240417
127.623413
127.199692
126.861282
126.426048
125.965324
125.441864
125.002396
124.462868
124.254036
123.561638
122.836174
122.587952
121.778366
120.886398
119.645119
117.949661
116.362549
114.684151
112.885071
111.016212
109.425919
108.838638
107.63311
105.516464
104.505112
103.817856
101.932846
99.9084549
98.5291977
97.5731125
95.6772537
94.7202682
92.5359879
89.2077255
89.702507
89.8068695
89.9339447
90.363327
90.6607132
90.7920761
90.926239
90.9226761
90.7358627
90.3230133
89.8311539
89.685997
89.2709961
89.2758865
89.3044662
89.2494354
89.7627029
89.8778763
89.8312607
90.0941391
90.5378723
90.7332687
90.8677902
90.8482666
90.4141846
90.1463547
89.8363953
89.5673904
88.9497757
89.0353928
89.7195663
89.875267
90.3249664
90.6180573
90.6960602
90.8869476
90.4849167
90.0706482
90.2731934
89.8755341
89.2642746
89.9568176
90.0593491
89.3013763
90.0187683
90.5833817
90.4510117
90.8998413
91.224762
91.4784088
92.2368546
92.3081665
91.3489227
93.6322174
94.9910202
92.2368698
89.9979477
88.8726273
88.9376755
89.338356
89.5172958
90.1989594
90.7157059
90.1995392
88.9483414
85.5217743
86.4312057
89.6553726
88.6439972
88.2713165
88.7773895
88.7737045
88.8390961
89.3451691
89.1250381
89.457077
90.4896851
89.7974167
89.6309586
90.2196121
90.0737381
90.2807007
89.9948196
89.3178253
88.776413
88.8782806
89.2759552
89.2306137
89.5824432
90.1046753
90.8389587
91.039444
90.8388977
90.8218765
90.6061096
90.3741455
90.0919724
89.8783875
NaN

