skillet_left_distanced from_1.txt
51.9891281
52.1039734
30.0956059
29.9865017
30.323246
30.5932064
30.4168854
30.4524364
30.8745518
31.1898098
30.4654617
31.2662373
31.5621376
31.5303288
31.9647217
32.7009811
33.0724525
33.151474
33.8911972
34.6533012
34.8008804
34.5323982
34.3405876
34.8566132
35.3337135
35.3011436
35.2241974
34.9769821
35.5011978
36.7634621
36.9850197
36.2082825
36.6750488
37.8704681
38.3432579
38.7966766
39.6552696
40.5427628
40.5326424
39.5196228
39.6211739
41.224678
42.7733917
43.3036804
43.0750999
43.0822144
44.49683
46.7678757
46.9631577
46.9912567
48.8051834
50.219902
49.5586357
48.6308861
50.253212
52.403511
54.5206223
57.2624779
57.424057
57.2205963
60.479393
64.3653183
64.7522812
66.3891754
71.273407
74.0107346
73.0750275
71.8340225
73.2870255
74.9687042
78.6844177
79.8226929
78.3057632
79.4390488
78.8009949
80.2252808
83.0180283
83.0991745
84.0522766
84.5582199
82.7620468
81.8785477
81.930191
82.5315704
84.2619858
84.8638306
84.340271
83.8477478
83.9344177
84.0295563
82.7024612
82.1197815
82.2169113
82.3187866
82.7787323
83.6496811
84.6324692
83.1070709
82.3782196
84.7360535
83.9268265
82.5647583
83.6534958
84.4690399
85.1067886
85.3728256
84.8070755
84.0816345
83.4807053
83.1830368
83.6375427
82.9581299
81.9858932
82.6306458
83.7485352
84.6681137
85.3833008
84.0800018
83.2447205
83.4255905
83.8374634
84.506424
85.075386
84.6956329
83.0051956
81.1159286
82.0378113
84.3915787
84.6933212
84.1394653
84.807518
84.9004135
83.4397583
82.6085281
82.549057
82.8788452
83.5566406
83.9235382
83.6329498
83.4766006
83.7801971
82.7769852
83.2447586
84.6516724
83.8656693
83.4928741
83.7367172
83.5649033
83.5338821
84.0374908
84.6293716
84.8128433
84.2772369
83.339798
82.2206802
82.1625137
82.5874405
82.3433456
82.9057083
84.8945923
85.8103638
84.3500748
82.684906
82.7059402
83.0852966
83.5569
84.3697205
83.447403
81.8289261
81.8472137
53.8702431
54.0626945
31.1712589
31.2975216
30.8232613
30.5152531
30.6423836
31.0248127
31.225214
31.3244534
31.787281
32.4513168
32.7879257
32.5127029
32.4445038
33.1440163
33.785923
33.5565224
33.2351151
33.6737404
34.2756653
34.2983398
33.8519821
34.1758156
35.441082
35.9731407
35.6105881
35.5223808
35.9603233
36.930027
37.7362976
37.2934303
36.3815918
37.1164513
38.3018608
37.6358109
38.4670753
38.8269119
38.6091843
40.1204491
42.0273857
42.5223999
41.8526421
42.3258324
43.9857368
45.8197632
46.2312202
44.5546036
44.4364662
47.0496101
48.9686089
48.0316238
47.4292068
49.2193909
52.7376099
55.5842552
55.303463
56.8381348
61.4024162
62.9800758
60.5520859
59.1716995
63.3526955
66.8333435
66.5778732
66.8371429
71.5699158
78.1287003
79.4211807
75.3446503
75.8721085
80.3507385
82.2008667
81.1864853
77.8675385
79.5406189
83.1218643
83.1787567
82.4543076
82.5037537
83.8693619
84.5582733
84.5922012
84.03302
84.3617477
84.5319138
84.0023804
82.8607483
82.5132294
84.059288
84.4356308
83.5448608
81.2038116
80.8199997
82.4690857
82.6388702
83.2793121
84.5637436
84.7717972
83.1255188
82.4726105
82.4228821
83.2924042
84.8028107
84.6228867
82.871048
82.2877121
82.2498932
83.0505447
83.8327103
85.2352142
85.2934952
83.4295731
83.3915482
82.4342804
81.6040192
82.6209641
83.2717361
83.3653183
81.3344345
81.3140564
84.8830643
85.4049072
83.3798065
83.6125641
82.650177
81.7824783
83.8416901
83.987381
84.2611389
83.5048141
84.0722504
84.2880859
84.4127731
84.3387527
82.9756012
82.1952744
82.0048447
82.5462189
83.1034317
82.7548523
84.4255066
84.1486511
82.9974823
82.7408981
83.6469421
84.411644
84.9458008
83.0760956
82.2268219
82.0114517
82.9282532
83.6623077
84.3877106
84.665451
84.4321671
84.3090744
83.0759659
82.7899551
83.1628418
84.0718231
83.7664261
82.0183411
82.5453033
83.295105
83.1117859
82.4197464
82.9587784
84.3570633
84.8635406
84.3366852
84.1423569
84.3934326
84.2291412
83.276413
54.549263
54.539299
26.8558235
26.9418907
27.1845741
27.4084644
27.8773441
28.424614
28.8711624
29.3182659
29.4746132
29.0747471
29.0002975
28.8075466
28.9232864
28.9822903
29.5577126
30.9208031
32.0771179
33.4716301
35.035099
35.8859329
35.6467209
35.3572426
36.6986771
36.9594994
35.064743
34.6053925
34.1242828
34.2217903
35.0904541
36.5733681
38.2827301
39.5539246
41.0302429
41.9863853
42.3700905
42.522789
42.3773003
42.9505463
43.8402214
44.9293251
46.2445831
47.4785118
49.1048317
50.4197159
51.1429558
51.5997696
52.8128357
54.2136383
55.3013611
56.5601082
57.4011955
58.11306
58.3751144
59.3634567
61.1729698
62.8171768
64.5748215
66.4345627
68.1121368
69.5295334
71.0528183
72.1927338
73.030777
74.6282654
76.5742645
77.2779236
77.3400955
76.5441666
78.383461
80.1641464
79.8815536
79.2958221
78.3942642
78.9907379
81.632782
83.89888
84.9713364
84.5668182
85.0301895
83.7537766
82.2980804
78.2738876
72.2370911
68.8047256
71.7551575
79.1154556
83.3562698
81.8836899
80.9043121
81.8328934
83.06604
83.5968475
83.3928986
83.1298676
83.4085617
83.2259827
82.2147446
82.6473541
83.4133377
83.4680099
83.1802368
83.3578568
84.7767715
86.7336121
86.3043976
86.2333832
85.1074982
84.0691833
83.4810638
83.2342987
83.9961243
85.514595
86.1234512
84.9227448
83.2244797
83.0655136
82.9968719
83.1442795
83.2183838
83.4310684
83.5813751
83.8777466
84.1556931
83.2821426
82.7363815
82.6946259
82.4626846
83.0174026
82.8086853
81.881813
81.3417053
81.3061295
81.7993469
81.2026291
81.1088028
80.9078979
81.1657562
82.5372772
83.4487305
84.3309021
84.3815613
83.5725708
83.7963486
83.8681946
83.9960861
83.8219986
83.6758423
83.6796494
83.6796951
84.5392303
84.4435806
79.2891846
77.4930496
79.1692352
79.816658
81.9683456
82.9932709
83.4381638
83.3736038
83.2051239
83.6909866
83.8609543
83.6246872
83.5963821
83.5566177
83.1590805
83.3449707
83.4124451
83.2529068
83.5869064
83.9672623
84.1022339
83.9181442
0

skillet_left_distanced from_2.txt
84.9131165
84.6092529
42.2278099
41.8557777
42.0556908
41.9451256
41.8573494
41.1949692
41.2627754
41.0570793
41.0072861
41.0214005
41.3568726
41.5202179
41.9514618
42.367527
42.5854645
42.8732262
43.5183601
43.9150505
44.1346436
44.5447922
45.1906013
45.4668503
45.8469353
46.3008652
46.7542419
47.1278267
47.8137207
48.4356461
49.2307167
49.7803116
50.22826
50.5168953
50.8389931
51.0249557
51.0719528
51.5758247
52.1988487
52.4161568
52.5687256
52.9552383
53.2277832
53.3767433
53.6881676
53.936882
54.2733383
54.293457
54.5236473
54.8811188
54.9468956
54.8813057
55.2811394
55.7703514
56.008667
56.2238693
56.390522
56.2613258
56.1639061
55.6929283
55.5053558
55.3898735
55.4943619
55.2375565
55.4329338
56.4823952
57.4176865
58.3469658
58.6536026
58.7268486
58.6198273
58.2114906
58.0728645
57.2521973
56.7657127
56.5597076
56.4990654
56.4230766
57.21912
58.5449867
59.2032471
61.138279
64.8082886
66.6989517
65.7043381
64.7912216
67.1366806
69.4894028
69.6484528
66.3128128
64.0563736
65.2306671
70.6203156
71.2466965
66.5659485
64.5665054
64.8134384
64.8282928
63.5522537
63.1034088
62.2773323
61.7625656
61.8920403
61.5140419
60.8744164
60.6879883
59.3949242
57.8226814
57.2518845
56.6154747
54.2673454
53.411438
53.1863556
53.0822411
53.8024864
54.1965294
54.5440254
55.0085258
54.8781242
55.7127762
56.1218185
57.1942215
58.7502213
60.8665199
61.0525703
61.8354874
62.8284607
63.4785957
64.5791397
66.9197922
67.1958466
67.0793533
67.8430862
67.0191803
65.5816727
65.4038696
66.8972015
70.3646774
71.1693802
71.54879
71.8807068
72.6539688
73.4706955
72.9906845
72.9038391
72.6501999
72.2148285
72.2744064
71.4648285
71.4783325
71.7250977
70.6269989
69.9962082
69.5261841
69.3202972
68.5348816
68.1952896
68.1450958
67.8374634
67.6109543
67.5976181
67.8126297
68.1688156
67.905571
68.2082748
68.3018494
68.5569916
68.863678
69.0473785
69.376503
69.4032898
69.4586411
69.8576279
69.8023605
70.1102982
70.1245804
69.9694748
70.2628632
70.6981049
70.6740646
70.5281448
70.8202667
70.8551102
71.1795197
71.8279648
71.4839096
71.678627
72.0872269
71.2099838
71.085144
77.3948822
77.403923
58.4659882
59.0658379
59.6826591
60.0881386
60.5283852
61.3305244
61.9435616
62.6563797
63.2560501
63.8609848
64.2555695
64.4211807
64.6568909
65.1543884
65.7363815
66.5519485
67.1595154
67.73452
68.3442459
69.1963654
70.0297546
70.677803
71.1754379
71.4878616
71.848053
72.3131866
72.6895142
72.9545364
73.379158
73.7696609
74.1344681
74.791748
75.4829559
76.073555
76.5688095
77.168129
77.6954498
78.1830215
78.5793076
78.7833176
79.1114807
79.2881393
79.3838272
79.6828537
80.0989838
80.4712906
80.305687
80.4991608
81.0351944
81.441124
81.5836182
81.6754227
81.8178177
81.8344269
81.7639771
82.0679245
81.978035
81.9828339
81.9988632
82.3577957
82.6806107
82.654808
82.6547852
82.8162308
82.5913849
82.6197662
82.3959198
82.1759033
81.911499
81.6244049
81.0982742
80.7554932
80.2754745
80.0704269
79.9637375
79.6413422
79.0598297
78.5478897
78.1474609
77.5110626
76.54422
76.0642929
75.9206848
75.3168259
74.5876846
74.357399
74.1237259
73.4500885
73.3259964
72.8431931
72.3219223
71.6051865
71.57901
72.311348
73.3125839
73.8131866
74.2138748
74.5355225
74.3091125
74.085434
74.3642502
74.4691849
74.4242477
74.5889969
75.2051086
75.2103043
75.1637344
75.1360397
75.3125
75.2639847
75.129158
75.0419846
75.1856613
75.16362
75.2301865
75.126152
75.0002136
74.9457626
74.838295
74.6434555
74.4460449
74.383667
74.3981323
74.3136292
73.9982605
73.7946548
73.6429291
73.5066833
73.2982635
72.950325
72.8227997
72.8191376
72.5338821
72.5108566
72.6558228
72.6673508
72.5749283
72.8397827
73.7509384
73.8634872
73.858963
73.8831024
74.092308
74.7692947
75.0632019
75.7046967
75.7969513
75.8586121
75.9264984
75.6940155
75.7671661
75.5892792
75.5963516
75.5687027
75.4956436
75.5104904
75.5012589
75.6105804
75.5241852
75.5508194
75.5625305
75.7332916
75.8848724
75.7694473
75.7041168
75.5573654
75.5757141
75.5830612
75.5359344
75.3090973
75.2292023
75.0779419
75.0908508
75.1723709
75.0145493
74.9270477
74.7508774
74.5923691
74.5789108
74.6102982
75.0310745
75.243248
75.3882751
75.452507
75.5641022
75.6407547
75.7450104
75.8123474
0

skillet_left_distanced from_3.txt
69.5799713
69.4807205
47.4244156
47.6181374
47.9707794
48.1803665
48.5446053
48.8183594
49.0377769
49.3375053
49.5799484
49.7218246
49.7515907
49.7753029
49.7498856
49.5047646
48.2601852
47.8905869
47.1170616
47.0253067
46.922184
46.8450165
46.6165771
46.5494423
46.4322395
46.2134628
46.1759911
46.4540825
46.7150421
47.2621994
47.5512466
48.1432114
48.7976646
49.3994865
49.5814552
49.9900513
50.5781479
50.988327
50.9603043
51.5059586
52.3144379
52.9659805
53.2036743
54.0356026
54.7216911
55.3043633
55.7754745
56.7021103
57.2737045
57.5241623
57.740139
58.018631
58.2077522
58.3021545
58.4503365
58.5531845
58.4193459
58.055748
57.8956261
57.616581
57.1031036
57.0606079
56.8687057
56.3329849
55.4008636
55.1554337
54.3765259
54.0816116
54.7571449
55.405056
56.1562042
57.2015762
58.1465683
58.7821541
59.1829224
60.1338005
60.8836365
61.4780197
62.2212677
62.6185608
62.8237991
62.9451447
62.8710861
63.0331612
63.2289276
63.2609596
63.2127457
62.8624878
62.0551033
61.6165161
60.940361
60.2760658
59.3002167
58.9949417
57.8069229
56.3186111
55.0733833
54.560936
52.7431145
50.7508888
49.5481071
48.7431374
47.1412315
44.5187759
43.257618
42.1288223
41.2389221
40.0318184
40.2192802
40.7503395
40.9487228
41.1164398
41.4510193
42.2018547
42.4521484
43.3749237
44.1395454
47.0666924
48.6883049
53.0753822
54.3151932
55.2609062
55.3063622
55.0961838
54.7755318
53.838459
53.0713882
52.6374855
52.2837944
51.7101517
51.6981544
51.35606
51.5047684
52.1143417
52.66716
53.7865295
54.2817841
54.9717255
55.4684258
55.3005753
55.8702927
55.9768066
56.301075
56.1325455
55.8341942
55.3904839
54.5494728
53.9121666
52.8849182
51.8787918
50.5051765
49.8201599
49.1645164
49.2601852
50.3044701
51.7869682
54.9319725
57.2996864
59.7656784
60.6827469
61.1554184
61.4161339
61.5524445
61.9115067
62.4667397
62.4808006
62.2182426
62.0652809
61.7043381
61.6096306
61.5378723
61.4909096
61.2180862
61.4153214
61.3716049
61.6008606
61.6895866
61.7674828
61.8976898
62.2361259
62.2319984
62.1330833
62.0061188
61.5682144
61.4138565
61.2160339
61.2029076
61.3178787
61.5293846
62.2894478
62.6271667
63.0261459
63.09235
62.8705521
62.5894432
62.0421257
61.7329979
61.2215347
60.9530258
60.4911194
60.0331764
59.4332047
59.114769
58.8599701
58.7612228
0

skillet_left_distanced from_4.txt
24.18326
23.7510147
31.123148
30.5096321
29.9056835
29.3119888
28.7437763
28.2111816
27.6809082
27.1948757
26.810833
26.4262524
25.9688015
25.4715767
25.1310482
24.5142975
23.784996
23.1788197
22.3103466
21.5409813
20.6720314
19.8063908
19.0652294
18.263401
16.9791832
16.0635376
15.1139574
14.2470388
13.2794142
12.2640705
11.1591101
10.0252523
8.86584949
7.64159107
6.42756748
5.13237762
4.26611757
3.93608856
3.70599151
3.79761386
4.4263525
5.60838556
7.38336277
9.00231838
10.0809355
10.7337961
12.5927153
14.1658535
15.4490633
16.9609928
18.4643154
20.0315361
21.5236549
23.0847588
24.3879509
25.4046421
26.45611
27.3097115
28.3980637
29.5726051
30.9525223
32.1427536
33.0421486
34.0532112
34.9800911
36.3033524
37.5418205
38.6356049
39.5903702
40.3056145
41.0843887
41.8990211
42.6616364
43.4990387
44.1328087
44.7845154
45.6363716
46.5203857
47.3512955
48.0502739
48.8521652
49.738575
51.3112526
52.0238876
51.1627502
51.5910492
52.8552322
53.7524071
54.6689682
55.4700546
56.1134682
56.4038963
56.6407051
56.7611084
56.7720108
56.7914963
56.8448181
56.8398781
56.6865768
56.6106033
56.3373718
56.3188286
56.3783722
56.3688545
56.4089241
56.409565
56.4234924
56.375515
56.5332489
56.7445831
56.6659279
56.735054
57.1099739
57.0724182
56.2944374
56.3206558
56.6337585
56.4009361
56.3264961
56.182991
56.2622986
56.3987923
56.4391365
56.522274
56.6204033
56.7540665
56.9482002
56.9852486
56.8861313
56.7918701
56.7127075
56.6255875
56.5395546
56.4750175
56.1873207
56.2771492
56.5119324
56.556694
56.6166458
56.7069397
56.7410965
56.7345314
58.0393143
57.8042755
56.4451294
55.6835098
55.8066559
56.5621414
56.5628891
56.5370178
56.4187927
56.4939041
56.6808319
56.6874275
56.7033348
56.6883163
56.7090302
56.8167801
56.7414932
56.5569115
56.4389915
56.3423386
56.418087
56.4930687
56.5915451
56.5877228
56.6328049
56.4198151
56.5303268
56.7679749
56.9105644
56.8998909
56.6957779
56.630806
56.5694923
56.5070419
56.4664459
56.4455414
56.4393005
56.5835457
56.8271904
56.6588173
56.6943779
57.0077515
56.7707329
56.6307564
56.8576126
56.6871338
56.5975037
56.8723984
0

skillet_left_distanced from_5.txt
38.4370956
38.2447128
30.0197277
30.4487381
30.2967281
29.6706161
29.3336143
29.378727
29.54883
29.5351963
29.4166374
29.052969
29.3670483
30.3799171
30.6436176
30.1285172
30.0872402
30.3121929
30.3449802
30.22789
30.4411316
30.9081669
30.8004284
30.0423927
29.9255867
30.7592964
31.7950668
31.8123684
31.2775822
31.1467667
31.7470722
32.1494713
31.7224998
31.7309799
32.4151688
32.6135063
31.8579464
31.6285172
32.1109886
32.711792
33.6412354
34.142025
33.6079216
33.6512871
34.7215385
35.2940788
34.7787552
35.181366
36.6316948
37.1547203
36.2895088
35.5851555
35.9701004
37.9159279
39.0243454
37.9760284
37.5494728
38.6420212
40.0230484
40.7464638
41.2193336
42.7955856
43.6291504
42.0485115
41.6990929
44.3295937
46.254097
46.3733444
46.0637589
46.1455917
48.0204239
50.7732277
51.7161789
50.9245148
50.47995
51.9002304
54.0519981
54.3763962
53.950798
54.9046211
56.5973473
57.8588676
58.245697
58.9790268
60.0238953
61.5838394
63.0867233
64.0772095
64.41922
65.4514542
67.4881287
68.2663498
67.4975204
65.9085846
65.7290421
67.2288666
68.1822205
67.5766449
65.9714813
65.7360458
67.6832809
68.7090302
67.5664597
66.2239838
66.1285095
66.5741653
66.559082
66.9657288
68.5922623
68.916748
66.8237686
65.6251221
67.0976334
68.4494247
68.3214035
67.3135681
66.5964584
67.0981674
68.0355682
67.8585892
66.8168869
66.8511353
67.6591263
67.4729996
66.66362
67.0700302
67.2877655
67.240593
67.8154602
67.4890976
66.9370804
67.4405441
67.8893585
67.0721588
66.5128326
67.2369156
67.9100037
67.9018936
66.922226
66.0788727
66.9886551
68.5708923
68.3423309
66.1855545
65.6674805
67.2155914
67.7875214
67.7500076
68.081543
68.3915558
67.6752396
65.9750748
66.3003616
68.3735733
68.5662003
67.5487671
66.85009
66.7217102
67.8337173
68.8880997
68.2273254
66.5790329
66.1130753
67.1239853
67.6833115
66.7488861
66.0451508
66.7084198
67.3029327
67.2819519
67.1687622
66.7510452
67.1017838
67.6174393
67.9997787
67.4101791
66.4312286
67.0531464
68.228035
67.8509827
66.2329559
65.6154251
66.9282761
68.064621
67.8875809
67.0355301
65.9099503
66.2681885
67.5570984
68.491684
0

skillet_left_very close to_1.txt
47.3306885
47.2840347
22.9304428
22.7309799
22.7624149
22.9203815
23.2622395
23.7280483
24.2987347
24.9682293
25.5106678
25.9156609
26.107399
26.3325596
26.688839
27.1060867
27.5617447
28.15168
28.9922848
29.8112354
30.7366104
32.0663986
33.3309097
34.8247299
36.4667816
38.0879173
39.6602058
41.0209503
42.4855576
43.9319916
45.6327782
47.1154709
48.6811333
50.6257515
52.8622894
55.2533264
57.1620789
58.0830421
60.292572
60.9645081
63.9849396
63.9491501
63.6792603
63.4857674
63.1043358
62.8336716
62.6244888
62.5708847
62.7863426
63.0029907
63.134388
63.3675194
63.8121719
63.9734116
63.8540726
63.6150513
63.3612747
63.2163124
62.9004898
62.7874908
62.8754082
62.9693985
63.2173691
63.4575996
63.624054
63.6906548
63.9141579
63.9475517
63.8781624
63.8465462
63.5860481
63.1795845
62.9163208
62.6626816
62.5084114
62.5158195
62.6800385
63.1239548
63.3627968
63.5965538
63.835659
64.0246658
64.0748749
64.0890198
64.0096207
63.7883377
63.5197906
63.1245003
62.8871422
62.5937309
62.5393982
62.645546
62.8041077
63.1174316
63.3839722
63.7672691
63.8904572
63.7376518
63.5357437
63.4130669
63.3327179
63.1582336
62.916172
62.9151802
63.1098137
63.3609543
63.6994667
63.9366417
64.0303497
63.9402695
63.9510078
63.8775902
63.5840836
63.4661331
63.1663818
63.0048218
62.8465538
62.6932945
62.7038345
62.808712
63.0700912
63.342144
63.6870461
63.8369713
63.9043427
63.9025345
63.920929
63.9347725
63.826664
63.7526855
63.5573769
63.2105255
62.8943024
62.6767731
62.688324
63.1745644
63.7894745
64.6064835
64.5840607
0

skillet_left_very close to_4.txt
71.4089432
71.6143723
34.3188515
34.512001
34.596096
34.5604439
34.5708733
34.7280617
35.0753593
35.4234848
35.8314285
36.2249794
36.6028938
36.9944267
37.3795395
37.5636673
37.6754723
37.9355354
38.2209244
38.4824829
38.6828842
38.7997932
38.9411469
39.069355
39.3951569
39.8390846
40.0838356
40.3965225
40.7592773
41.0166321
41.3134232
41.4619102
41.6764488
41.9070129
42.0824471
42.4364281
42.7544479
42.9593887
43.1558914
43.4110603
43.7682953
44.2674675
44.7422523
45.2096291
45.6423149
46.0528603
46.430439
46.6036606
46.8093452
46.9018745
47.1025658
47.2548027
47.4957542
47.8875427
48.2902451
48.6601448
49.1576767
49.8865852
50.4740486
50.9674988
51.2913399
51.6839485
52.1460609
52.5960083
52.8916054
53.1090775
53.616787
54.097908
54.3467064
54.674099
55.0464172
55.4795418
55.922226
56.5135956
56.9719658
57.5248566
58.1813354
58.6100655
58.7260895
58.9707527
59.2773552
59.9020996
60.0630989
60.2590103
61.3761902
62.377037
62.9141426
63.262722
64.3466873
65.6210327
67.0978775
67.5505295
66.9897385
65.8948822
63.3776321
62.1183662
61.3813858
61.4004898
61.6394539
62.0044937
63.1249504
63.7233963
64.5151062
65.5440979
66.153801
66.0729675
66.2818451
66.3917389
66.4687958
66.1139297
66.1001816
66.349205
66.5734177
67.2727661
68.1585693
68.8784714
69.0209503
69.082077
69.224556
69.3159103
69.2017288
68.8141022
68.7278519
68.4278641
68.1983414
67.7191849
67.0245285
66.5302811
66.6339722
66.9855881
67.3165894
67.3632431
67.0646286
66.5730286
65.8643036
64.7618713
64.4724808
64.7151108
64.3688202
63.5750809
64.0701523
64.8945999
66.3426819
67.4707642
68.5701599
68.7983627
68.8451691
68.9156113
69.1815033
69.3389359
69.2213364
68.8453827
68.0893021
67.4300613
66.9518127
66.7436295
66.3632355
66.2930069
67.1088028
67.6661758
68.1046143
68.3418732
68.73452
68.6384811
68.0691605
67.6260529
67.013176
66.7546158
66.8966064
67.2271042
67.7101669
67.7061691
66.9859085
66.6461411
65.9868011
65.8317947
66.3896866
66.2311325
64.9005966
64.4599152
64.4925461
64.6579361
64.7188263
65.2617874
65.4393845
65.8026123
66.2795486
67.3693924
68.4795303
69.8226089
0

skillet_left_very close to_5.txt
87.8073807
87.5436554
76.499176
77.0786057
77.4729538
77.6629028
77.7252655
77.9154739
78.3429413
78.9705276
79.4956055
80.1250763
80.6477356
81.1576004
81.4776917
81.616394
81.9106293
82.048233
82.1263199
81.8950119
81.8590622
81.6129074
81.5546951
81.4241562
81.6449814
82.1156235
82.3735275
82.3656082
82.3113632
82.2392197
82.594101
83.244751
83.8624039
84.2481613
84.5620422
84.7132568
84.7116623
84.8564224
85.2750702
85.6816864
85.8711395
86.1838074
86.7324142
87.0709076
87.0198364
86.8435211
87.0016174
87.3995361
87.9822083
88.453186
89.021843
89.3632584
89.4386749
89.3548737
88.8605728
88.4940491
87.5954132
86.9094391
85.8435669
85.3985214
85.1839905
85.5421524
86.4421692
87.1344757
88.0109253
88.4946442
89.0777512
89.4749146
90.0470657
90.4489136
91.1165924
91.9925079
92.4906998
92.9705582
93.2794952
93.6833038
93.9119797
94.1266861
94.2632599
94.3743896
94.4578552
94.1528168
93.8395004
93.6181259
93.634201
93.8497696
93.6044617
93.5616302
93.4030304
92.7948837
92.1028824
91.7435074
91.9563217
92.0351181
91.8574753
91.7276764
91.5826111
91.4660492
91.4612656
91.7914505
91.9780045
92.221199
92.2822113
92.181633
92.0413284
91.7303162
91.4849472
91.1263885
90.8162842
90.4098969
89.9856796
89.1273804
88.6412506
88.0349884
87.5056
87.1353073
86.3669052
85.6259995
84.3093491
83.2697983
81.8585205
81.6554718
82.7648315
84.0391693
86.483551
88.0371475
89.9512711
90.8089447
91.4048767
91.3335114
90.5371628
89.7225342
88.6498489
87.9598389
87.211319
87.0063248
87.9017258
88.854454
89.2199707
88.917305
88.5673523
88.8155594
89.127037
88.9699783
88.8458328
89.1473923
89.5084839
89.3339767
88.2710114
87.3683243
86.0474854
85.4001312
85.5877304
86.5122986
87.8339615
88.0384903
87.706192
87.4892731
87.7435837
88.7034988
89.3882751
90.3094482
90.8293991
91.4130478
91.7266388
92.0946884
92.1360855
91.9438705
91.7372971
91.1424789
90.6012878
89.471756
88.5523224
87.3138885
86.9181824
87.0745697
87.3857117
87.2174835
86.4765854
85.3497772
85.2934952
86.3595886
87.4330673
88.7351837
89.3443527
89.7306061
89.2765121
88.8548508
88.7769165
88.8376846
26.5650444

skillet_left_very close to_6.txt
86.2474136
86.1328583
45.3565178
45.6687393
45.9741592
46.2401733
46.4046974
46.6583405
46.7287788
46.9251289
47.2250366
47.4931908
47.7951393
48.0782814
48.3374405
48.603363
48.8751488
49.1232109
49.4308968
49.7404404
50.0194817
50.2521477
50.4520035
50.7236519
51.0360146
51.4053802
51.7746239
52.1035347
52.4580116
52.7988243
53.1561317
53.5152473
53.8352699
54.1361809
54.607914
55.5873985
56.3849182
56.8765793
57.1216164
57.3830414
57.9720764
58.9290085
59.7445755
60.6026993
60.9987183
61.0352669
61.0338058
61.0558739
61.2992401
61.7552528
62.1885986
62.5206833
62.8420982
63.3553047
63.7765999
64.1235504
64.8334579
65.8222122
66.5195084
67.2373962
67.9074936
68.5484085
69.0873413
69.5762329
70.1396179
70.8098907
71.4568405
72.0915146
72.7418442
73.4530411
74.1063309
74.5018158
74.9048767
75.5556183
75.6880417
76.0322571
76.0884399
76.3646851
76.9962463
78.0282974
78.7648544
78.8966751
79.1531677
80.1266251
82.3602753
84.2191238
86.0400238
86.850708
88.0249863
89.2725296
89.0080185
87.6324615
87.4077454
87.4770126
87.8370056
87.8810043
87.6054382
87.5552216
87.3596954
86.8804626
86.9460907
87.4894485
87.5847244
87.448082
87.5571976
87.6430588
87.7680817
88.0670547
88.196579
87.9991837
87.7036972
87.4243851
87.2744446
86.9065018
86.4041901
85.010376
83.4976044
82.0206451
82.3152924
83.7117462
83.9018555
82.8049698
82.2430573
82.5532227
83.2023773
84.5029068
85.3467178
86.0927429
86.5973434
87.4063263
87.2529068
86.0376968
85.3021545
85.010376
84.6717148
84.5570526
84.7509003
84.9608002
85.2132034
85.2516022
85.0470428
84.7045441
84.1623688
83.7532272
83.4280624
84.0200806
84.7819901
84.7222443
85.1484528
85.8214951
85.704361
85.1582642
85.0079651
85.1393509
85.3694763
85.2171555
85.3869553
85.4109802
85.3326111
85.2368393
85.1175232
85.2409973
86.0046234
86.7440109
85.3978729
83.2663498
82.4504242
81.6605911
81.4514999
81.3145905
81.3649826
81.2256317
81.0377502
80.8554306
80.8253174
80.9638138
81.018158
81.0926666
80.9641571
80.9079819
81.0488968
81.1637726
81.0664368
80.7813339
80.8329468
81.2048264
81.4566803
81.7497177
82.2448883
82.894516
0

skillet_right_distanced from_4.txt
68.1647415
67.8619766
36.1745529
36.1557083
36.0411034
35.7853317
35.7955856
35.970768
36.1753693
36.5036888
36.9558868
37.4828262
37.8419266
37.9210548
37.9584122
38.2034416
38.3998947
38.4441452
38.4062119
38.3546753
38.5307693
38.9053688
39.2078323
39.5910339
39.979599
40.3208046
40.4468842
40.329361
40.8236618
41.3142319
41.3711929
41.2763824
41.1699905
41.3210068
41.5543442
41.7719078
41.9849243
42.3935776
42.8252792
43.1111832
43.6696548
44.3027878
45.2601128
45.8071213
45.7726135
45.6809464
45.2592621
45.3786163
45.8051453
46.285141
46.9466286
47.7461853
48.5831108
49.0360451
49.7362976
50.5709953
51.0427399
51.2525444
51.7912521
52.4544373
52.6004944
52.7937584
52.5842476
51.6266823
51.2427063
51.4396744
52.4603195
52.9490547
52.4222946
52.9296112
54.6111832
57.2092285
58.1781921
58.8315048
60.4290619
64.7897949
64.2660904
63.3892899
62.5698547
61.343483
61.4769287
62.0054169
62.1999893
63.749527
64.3189316
64.109108
64.1153183
63.9542084
63.3685837
62.0374069
61.165451
59.2498169
57.7584229
56.9394073
57.006012
57.8935318
59.046402
60.8118668
62.0644684
62.860817
63.3201447
63.4436722
63.1857605
61.6408005
57.6690979
53.8330231
54.7551575
55.6422958
56.6170425
57.4291534
57.6189957
59.002182
60.6694946
61.4878616
62.306839
62.0201874
59.9644699
59.2385025
58.7243729
57.5148163
56.159317
55.6523895
54.0893822
53.4016418
54.1947403
54.8285675
55.2232437
55.9228439
56.7365494
57.0029144
57.1069412
57.2309418
58.4042206
59.2823334
59.3089066
59.5568085
67.7711258
72.8898239
71.3783646
68.5114517
65.1213684
64.4781647
63.8031387
62.8297577
61.0838547
59.7377472
57.7647934
57.315567
57.1073074
57.3737488
58.2296753
55.7484207
55.3396454
57.0463104
58.4365921
57.5829926
57.8376312
60.7825317
62.5703049
61.8083649
60.6773376
59.6648865
58.6044159
56.9954529
56.1052246
56.4778824
58.524292
59.2988281
58.4786835
58.0914078
59.2721024
62.3085251
63.9987488
66.052681
66.596962
45.0000038

skillet_right_very close to_4.txt
75.8084641
75.7970047
42.4427605
42.2410469
42.2970963
42.5553436
42.7262917
42.9367027
43.1294136
43.2186813
43.6379013
43.9107132
43.9349098
44.3083725
44.5990639
44.8321152
45.1803856
45.4304543
45.94981
46.7683372
47.3091545
47.4310341
47.8380089
48.2653313
48.8462067
49.4393845
50.0072975
50.3624306
50.8360977
51.3322525
51.5107841
52.1939774
53.1665421
54.1267471
54.5935593
55.0389786
55.3445587
55.375782
55.6271057
55.8869209
55.8408127
55.8887939
56.2537804
56.3702354
56.7011566
57.6944809
58.3065338
58.2357368
58.6155853
59.5635529
59.7723236
58.1218452
57.6527863
59.3839684
60.70541
59.5905266
57.348278
56.6869087
58.9802437
62.7854309
62.8695831
58.5271187
57.0275879
58.9426689
59.9280472
58.6359406
59.1911926
60.5365067
60.4947548
61.1561279
61.6474457
61.5317345
62.4697304
63.4710655
64.0406113
65.7700195
67.005043
66.23806
65.9607773
66.735054
66.6735535
66.7900543
66.7456589
66.1884384
65.7117081
64.5835571
64.2297668
64.2085953
63.022377
64.0681305
65.8471298
62.0756989
57.9646263
58.7499809
56.6807671
56.1611099
60.5454063
56.083931
47.3372421
52.044075
53.4028282
47.9670181
56.3077545
64.4744644
67.8639679
67.9059753
65.2703018
66.5231018
69.1567535
70.2615738
67.2665482
64.5174179
63.3133011
61.3797569
61.4013596
57.8584862
57.7446671
61.7324409
61.0757179
54.4715881
52.2073517
51.9854622
49.716362
50.5971527
54.8032379
56.8115234
56.1375618
58.1319122
60.4661484
62.3060265
59.9402809
60.1834679
61.1460457
58.7817497
59.5666618
59.0847015
58.3946152
57.9903297
56.8548737
58.5960579
59.0600166
60.5388451
61.2412376
58.8175926
59.2571793
60.9294701
58.2109718
58.916317
62.2003746
60.1766663
60.5740051
61.9296799
57.1085358
60.5210648
63.9974136
58.9853592
62.4094124
64.9825745
61.5034637
62.2005882
64.6413498
62.0699883
62.595623
63.5610657
60.8307877
62.1382904
59.0612144
57.3835297
59.8287621
59.4536362
61.5494843
64.6641235
60.6853523
60.9339561
74.3766327
78.1266098
66.0705948
69.9791565
83.6365128
89.2004929
88.3390579
85.9235306
79.4851151
78.9230728
79.3200836
77.6537247
72.3061447
69.4890671
67.1598434
65.2317505
0.859117568

skillet_right_very close to_5.txt
61.2994194
60.9916763
33.8973999
34.1021919
34.4791679
35.1705437
36.1153297
36.9240036
37.2923965
37.7005768
38.5405655
39.9912834
41.1393051
41.9223785
42.6247711
43.878109
45.6732941
46.7240143
46.8391342
47.4286308
48.7082634
50.3879547
50.597065
51.697731
54.6721649
59.1890335
61.2826385
63.3998795
65.4132996
66.3200684
64.1033707
62.3223572
61.657135
62.7249069
62.6752663
60.7914848
60.2459106
61.4237404
64.0345306
65.2637711
64.5243988
63.6266289
65.1726227
67.2149277
67.3964996
65.8569717
64.9427948
64.6126099
64.6687088
65.8221817
65.2267151
63.1489868
61.9539948
63.2935524
64.9760284
64.3614883
62.6099052
61.9175377
62.6815681
64.5791626
63.9910316
62.1230431
62.410347
64.5018539
65.3495026
63.3343163
62.2965355
63.2536583
63.5566597
61.1701775
60.4610481
62.3505974
63.697422
62.9648972
62.681385
64.0269012
65.0407104
64.2037048
62.4609261
61.639946
62.6651268
64.3039474
63.9977036
62.3025627
62.0061531
63.656086
64.3357849
63.4218445
62.1039925
62.2302856
62.3931999
61.9870949
61.0086098
61.4667053
62.5815697
62.5364418
61.2247162
61.281395
63.4609413
64.8484344
64.4410629
63.4172287
63.3873672
64.64254
65.9423599
64.9185867
62.7595978
62.2170258
62.6841164
62.0446205
59.8990517
60.1152687
63.1352081
64.1426697
63.4294472
63.7365341
65.6595001
65.4752274
62.8057556
61.573555
61.9101257
62.8873291
62.1520576
60.8730659
61.2703552
63.728035
65.2706985
65.2836761
63.9921036
64.1713486
0

