spatula_left_distanced from_2.txt
85.8381348
86.0406189
139.195969
138.954453
138.804871
138.199646
137.500259
136.643707
135.903732
135.132584
134.660187
134.040497
133.903366
133.694733
133.512375
133.744034
133.704483
133.828674
133.588074
133.133133
132.485687
131.666199
130.958923
130.197952
129.647751
129.195831
128.703873
128.555908
128.433273
128.528183
128.535355
129.104233
129.276245
129.538422
129.386734
129.366776
129.111298
129.166336
129.136032
129.650146
129.96788
130.393219
129.886505
128.381897
126.568871
123.266212
120.840843
118.024895
115.99295
114.526199
113.334602
112.591286
112.278717
111.965866
112.297272
112.265686
112.234642
111.319885
111.468239
112.451256
114.973778
117.256866
117.092026
117.412498
118.15464
118.243782
117.476944
116.884743
116.872459
117.072357
118.090546
119.14257
120.560966
120.96328
120.005608
119.331139
119.223396
119.79319
120.094154
119.632515
118.079819
116.848198
115.010185
113.915558
112.537323
111.992683
111.808945
111.836983
111.98777
112.699951
113.628616
115.294029
116.37812
118.105942
119.058174
119.58474
119.262192
118.786659
119.181297
120.331146
121.012512
120.350899
119.425766
118.048569
117.38224
116.905342
117.002113
117.718323
118.231476
118.011574
117.348213
117.106529
116.994133
115.991516
115.224335
115.074371
115.749725
115.981514
115.466522
114.790131
114.262535
113.868668
113.647163
114.044464
114.635406
116.222092
117.684601
121.025711
123.777275
128.165878
130.693451
131.245346
130.481552
129.170227
126.812637
125.388748
123.729523
122.788719
121.674919
120.823738
119.624207
118.733345
116.665779
115.511696
114.290581
113.635864
112.840942
112.525475
112.250412
112.132675
112.149254
112.499374
113.129974
113.356392
113.610336
113.332535
112.816772
112.317596
111.859253
111.074379
65.4059982
65.2712479
135.841446
135.231857
134.757477
133.992035
133.409775
133.380844
133.640396
133.201218
131.939484
131.06926
130.896301
130.849731
129.979874
128.829712
127.914841
127.45636
126.866684
126.48793
126.692635
126.386925
125.174911
123.804665
123.156464
122.825706
122.190269
121.247772
120.073906
119.159142
118.851112
118.245987
117.078743
115.53611
114.052666
113.025688
111.93235
110.558464
109.041946
108.125023
107.32045
104.735847
104.226479
101.935951
100.247665
98.9591522
97.2859344
95.8829651
94.4745178
93.6953888
92.5505142
90.6185684
88.3324432
86.1930847
83.548233
80.6925278
78.1149521
75.5889587
75.6215591
75.4781418
75.0744858
78.4259491
78.2320786
77.5545273
77.508728
78.2242355
78.3757248
77.4194031
76.2510376
75.7618256
76.2355957
77.3763504
77.5727386
78.5988846
78.6185913
78.3909531
78.1830063
77.5379562
76.9672699
77.3796616
77.5177994
77.4512863
77.6301041
78.6865616
78.2912521
78.3272476
78.7896194
77.9508133
77.5894699
77.6102142
77.2106705
76.9660492
77.4123688
77.9889145
78.2259293
78.4336777
78.4555206
77.7557068
77.0761719
76.4591599
75.5428391
75.7143021
77.2917938
78.14151
78.1980133
77.592514
77.5563202
78.1021194
78.4759979
78.2989502
78.014534
77.0705338
76.2284775
76.1449661
76.2783432
76.8742752
78.0555496
78.0312042
78.447937
78.7572937
77.873436
76.6050415
75.9090042
74.6070557
74.5733185
74.3936768
74.7972641
76.4373169
75.5012436
76.7235031
76.1809769
74.6375351
74.5829773
74.4594269
74.8490982
76.1294785
76.8480301
78.1036606
78.5729141
78.0828247
77.882103
77.5107193
76.6747971
75.8568573
75.9603348
76.3930817
76.9194946
78.1046066
78.1864929
78.2999954
77.843811
77.4329987
78.0753174
78.4304581
77.87883
76.4936905
75.7160339
76.0189438
76.9524765
77.4624329
66.0450439
66.6726761
137.448898
136.266266
135.355865
135.081665
134.973145
134.188477
133.237976
132.709686
132.441757
131.593781
130.60553
130.218567
130.556793
130.186066
128.718079
127.458069
127.049606
126.917458
126.212242
124.601875
122.679062
122.20945
122.271629
121.736282
120.635429
120.176155
120.765015
119.974037
117.887398
116.61898
115.91748
114.181145
112.24118
111.625404
111.433571
110.802727
109.540886
108.195137
107.492584
106.97863
105.360374
102.719162
100.383377
98.790123
97.7337723
95.7715607
92.9899902
90.0625763
88.9639359
88.2208862
84.749794
84.2260666
81.2687073
78.4858704
77.011261
75.8635178
75.3886795
73.5991287
74.1259918
78.8210907
80.1616898
80.1391296
79.1239929
78.2593307
77.3550491
77.0886765
76.2375793
75.5884323
76.3352585
77.1006317
76.9793091
76.594162
77.3483276
78.1372452
78.0787888
77.4296951
76.3744202
75.6729889
74.9797211
74.9123459
75.5763092
76.8551025
78.7492981
78.6548233
77.7049637
77.7567978
79.5151825
80.4029999
79.6847153
78.5081635
78.2323837
78.4055862
77.9515533
77.3241653
77.3523407
78.0198364
78.464119
78.3682938
78.5570297
79.4627075
80.1625061
79.379715
78.1118317
77.5461426
78.1772842
78.6154175
77.3735123
75.2675629
74.798233
74.7618561
75.2534103
76.2492371
76.9459686
78.0098877
78.1098175
77.3480988
76.5882874
77.0126419
77.1631546
76.4410248
75.7800217
76.4721146
77.3653336
77.6310196
78.4807892
79.3245621
80.2526245
80.2883759
78.9607162
77.3037643
76.0013351
76.2799911
76.2930298
75.0270844
73.1217575
73.2982941
75.4680557
75.2012634
75.8070602
74.929657
73.1750641
73.778595
75.6784286
76.410675
76.0257568
76.0201416
77.8957825
79.9157715
80.2306442
79.6006546
78.8142166
77.6147156
77.1658249
76.6645203
75.9020462
75.8557434
76.7110901
77.2658463
41.6612167
42.1021309
108.902328
107.026978
106.02832
105.956825
104.099739
103.712921
103.963257
105.397728
105.812004
105.382698
104.059639
101.986839
100.554337
99.1353836
97.9776459
96.7851639
95.5347214
94.4565277
93.3135605
91.9987793
90.7711716
89.3118744
87.8294678
86.3498154
84.9012299
83.7104187
82.4795685
81.2344666
79.8531952
78.3594437
76.8624039
75.3663712
73.8998795
72.4332428
70.9788895
69.5763016
68.1386871
66.620369
65.2145309
63.5881042
61.8799171
60.1954269
58.5072098
56.83078
55.2163734
53.6108284
52.071804
50.3040161
48.5760307
46.8975334
45.4270782
43.9262123
42.1716995
39.9930496
37.0866356
34.5524521
32.7532539
30.550539
29.7595577
31.7770901
32.6323128
32.5192375
32.1924133
31.1330338
29.2242832
30.3714943
35.7357712
40.1697998
41.0728683
38.9995079
36.3154068
35.2151604
35.5047684
35.2033806
35.0092621
34.3643608
34.6491966
33.692028
32.853199
32.4556808
32.4686356
32.1243706
31.6327553
31.6946945
32.7301102
37.8161354
41.8226318
46.8512344
47.586216
47.6126289
47.0538139
46.3350029
47.031147
52.0881233
56.1416817
61.2101402
62.9869003
63.3255653
62.9290619
61.9644928
61.2425423
60.8569794
60.3858681
60.9906921
61.9032631
60.8254395
60.4930611
58.9673462
57.5994644
56.5479126
54.2173424
49.3600578
44.5273857
41.5640335
38.2717285
35.1124153
30.9750004
28.6864338
26.6593437
26.1009521
26.316433
27.0142441
27.4514675
27.7134495
27.9634647
28.110672
28.5746708
28.6815796
28.7241383
28.7816315
28.8101959
29.7407856
30.2525959
28.0915451
24.1615849
23.6837692
26.4748554
28.719017
30.3316879
30.9393539
30.7462063
30.5242386
30.5587082
30.4723492
30.3266964
30.3735619
30.3098316
30.0732098
30.1224194
29.9199181
29.829813
29.9262562
30.1168118
30.317728
30.2912502
29.9820824
29.7001896
29.539011
81.050705
81.0940857
151.894348
151.559082
151.442444
151.130753
150.710831
149.923599
148.017563
147.209259
145.615204
144.247253
142.595383
141.794464
140.322418
139.5
138.219086
136.642639
134.354675
133.009964
131.70929
130.812592
130.506577
129.370865
128.508835
129.300018
130.807007
130.734879
129.940308
129.372101
130.512589
131.427216
131.886017
131.309921
131.999908
133.574829
134.903671
135.349762
135.292496
135.529449
135.205948
134.244034
133.314468
131.808472
129.736694
127.777649
125.985779
123.942963
122.366867
120.70369
119.634956
120.672806
121.923088
122.858521
122.116547
120.67942
119.883293
117.978745
118.218239
116.724045
117.247681
118.555321
117.761902
117.151642
117.015404
116.770119
115.114861
113.745964
113.593063
113.379387
112.722916
111.60453
111.880135
111.809402
111.93515
111.801834
112.862885
113.702583
114.062103
114.126633
115.243362
116.569748
116.786972
116.873894
117.514557
118.289436
120.08873
121.902321
125.143532
127.157623
129.12056
129.718689
131.452728
132.34668
130.45607
127.929337
124.354263
123.793037
124.263641
125.60289
128.22554
129.826385
133.193176
136.076706
137.765427
138.010223
139.56842
137.771149
134.119385
132.155441
129.160538
121.413651
115.473
112.546982
114.12735
111.770401
105.310509
98.3957748
101.41909
107.595634
106.46785
95.7436295
87.4267426
91.236763
97.2737503
99.6760635
100.113243
103.154404
106.416008
110.42952
112.594757
113.8312
114.247704
116.112053
116.743767
118.946419
121.760239
124.07283
124.147461
126.804253
128.79425
129.372513
43.6796379
43.5982895
110.026283
109.40538
109.250061
109.972061
109.290062
107.53553
105.860359
104.309868
102.940742
101.44767
100.607407
99.9501801
99.0983658
98.3024368
97.223381
95.9302521
94.8991547
93.7015305
92.6249924
91.3852081
90.1435623
89.0362167
87.7594681
86.5263214
85.2573013
84.0644379
82.8117676
81.4775085
80.1063385
78.8858643
77.5109711
76.0786057
74.6112595
73.1871796
71.7191467
70.0073547
68.4688187
66.9712982
65.2184143
63.4252205
61.7090034
60.0672798
58.4501648
56.7172432
54.8416786
52.7923279
50.4127426
48.3608742
46.2104263
44.4508743
42.786747
40.9993782
39.4495506
37.4591141
35.5625191
33.8114052
32.4646416
30.6845608
29.3596916
30.4917126
30.1414471
30.253233
30.4193172
30.545084
30.2362614
29.98489
29.8044701
29.7929573
29.9594803
29.8285694
30.0506573
30.1062794
30.2845802
30.1513958
30.3323174
30.5097046
30.4047165
30.6319065
30.5563774
30.3739071
30.0922184
29.2015285
28.2660713
27.4147015
26.4645958
26.4897346
26.6360378
26.5049152
24.9459858
24.14258
23.8729954
23.8243351
23.6788616
23.8085194
24.1678486
24.4619312
24.7537289
25.654356
26.2357407
26.3792534
26.7571812
27.2261066
27.5941448
27.8802433
27.7376957
27.8001404
27.9698086
28.4683475
28.6135807
28.7719841
28.9237881
29.2455292
29.3727341
29.4143028
29.2420044
29.4379215
29.6004257
29.8476295
29.5620155
29.3184986
29.215847
29.1669579
28.3095207
27.4964371
27.7993507
27.6047974
27.0844669
27.5312405
28.057766
27.5419979
26.7773838
25.8405418
23.8968048
22.8830872
22.1873951
23.2432041
24.735527
26.1883278
27.1996231
28.04566
27.8454895
27.5868969
27.6861496
28.0254593
28.0575981
27.9572582
28.9323807
29.4156914
29.2033749
29.2983761
29.7448387
29.7900658
29.3002758
29.1333961
29.3469563
29.2243404
29.6086655
29.2866669
NaN

spatula_left_distanced from_3.txt
85.8299561
85.8693848
9.14013386
9.27131176
9.53541183
9.84274769
9.96606445
10.2516956
10.5016861
10.7124662
11.0925646
11.6051378
12.1019154
12.695817
13.2189589
13.9195776
14.7111931
15.3493767
16.0364246
16.5027046
17.0368767
17.5387688
17.977869
18.3478966
18.8751068
19.1313782
19.7825909
20.2511997
20.6219845
19.9725342
19.057394
16.7006645
15.6059217
14.6050367
14.6292458
15.5638342
17.0826378
18.977354
20.8146553
22.692873
23.9776535
24.6412144
26.046236
26.9431286
27.8701782
27.7817268
27.360075
26.8590279
26.447525
26.6186714
25.8646393
25.874651
24.5627975
24.142086
23.4094448
22.7959385
23.1080151
21.5784588
20.2091484
18.3206139
16.5854568
16.1324234
17.9980602
18.3408871
18.634985
18.4601879
17.9396687
18.2944355
16.895525
16.6926651
16.5472603
19.154459
21.8587265
24.5797424
23.4216728
24.6881313
26.6438198
30.6259327
31.2952442
32.3538437
32.3430824
32.2149849
30.4099159
28.8021297
27.9186115
25.7213001
23.7875824
22.879055
22.9239082
22.2944031
21.6957493
21.8921089
22.2950077
20.6888237
19.6042099
19.5034466
20.5251312
21.2928429
21.9974194
24.0811005
25.7866306
27.3421078
27.659235
28.5838451
28.4775429
28.3518333
28.4911995
29.1669025
28.7249069
27.6925201
26.7173214
25.5937557
23.0422821
22.4668732
22.7230415
21.1632881
19.812727
20.6629887
20.1889706
19.5818748
20.1539211
20.5049
22.7667561
22.2275391
21.6781998
22.6364803
22.8174992
21.8190403
23.9557343
25.5366192
26.9973602
28.213232
29.146862
28.6608887
28.0702152
27.6497288
27.9941921
27.342474
27.2376003
26.4505596
24.476923
22.513546
21.6611366
20.7536964
19.7358208
18.8077259
19.6864586
20.8233604
21.3828335
22.1281147
22.6692696
24.5690899
25.4795284
25.5594559
26.989624
28.2876358
28.9285259
29.2243404
29.6088638
29.8960724
NaN

spatula_left_distanced from_4.txt
58.1240654
58.1016884
132.03833
131.456329
130.921021
130.471252
130.212769
130.015213
129.903595
129.663528
129.401138
129.117508
128.860092
128.433411
127.926384
127.439514
126.818893
126.189674
125.462914
124.780647
124.189178
123.534378
122.900719
122.209259
121.385796
120.544304
119.922989
119.217705
118.379395
117.536926
116.638092
115.683968
114.713905
113.635368
112.592247
111.521301
110.608139
109.694313
108.550865
107.522858
106.530029
105.599022
104.644928
103.760674
102.797272
101.811928
100.814827
99.7630539
98.6208878
97.4511185
96.4049454
95.4525833
94.5249786
93.767189
92.8471298
91.9315262
90.897644
89.7208252
88.9167938
88.0426941
86.7659988
85.7614136
85.1187744
84.4514008
83.7993698
83.0535202
82.5510178
82.1262436
80.6110001
81.3684235
82.1840515
82.0104294
81.3637619
82.1463699
82.7352448
84.6969681
86.6676712
86.3802948
86.2965164
86.4900818
86.6719971
86.6744308
86.8006058
86.8908234
86.9232483
86.9429855
86.9620285
87.0295334
87.286377
87.370697
87.2146149
86.9304581
85.9546432
85.5423965
87.42276
89.8436432
89.3810196
86.6243896
84.7687378
85.5546112
87.0523529
87.5158997
86.9384842
86.1730194
86.266655
87.6283035
89.0135727
88.7237091
85.6942596
83.3249969
84.6927719
87.4682159
87.8138275
87.2609253
86.9562454
86.749733
86.8076706
86.866478
86.828125
86.6248322
86.4300995
86.2506638
86.2718811
86.5700684
86.6581802
86.6093369
86.7502747
86.9332657
86.903595
86.8542404
86.8602295
86.8460083
86.8659668
86.8313522
86.6304932
86.4831848
86.4673843
86.4706802
86.6368637
86.8573151
87.0354385
87.1443863
87.2535934
87.278244
87.164093
86.8429565
86.6820297
86.8369446
86.7510529
86.6216507
86.5883942
86.5800476
86.5649338
86.5578995
86.5443954
86.666687
86.879921
86.8943405
86.9880829
87.1166153
87.015831
86.9039993
86.8748245
86.7197723
86.5649109
86.5907364
86.6678238
86.6467209
86.4789429
86.5146484
86.691925
86.8435974
86.9759827
86.940506
86.9328079
NaN

spatula_left_distanced from_5.txt
121.909264
121.685562
142.3965
142.678986
143.657043
144.687149
145.229187
145.937958
147.309021
149.336212
150.069229
150.153
150.750626
152.260391
153.099396
152.71611
151.892029
151.382858
152.003159
152.560257
152.432358
152.275635
153.146347
154.160767
153.18718
150.891296
150.71434
151.271408
149.105072
147.287216
147.254898
147.28537
146.600967
144.758896
143.957886
144.225311
143.895081
141.931961
138.47525
136.100235
135.196548
133.908875
129.675797
127.97847
125.800117
127.377617
131.197739
131.103928
130.640167
128.761978
129.191452
132.18869
133.177109
132.424011
132.377182
134.708008
136.594467
137.603302
137.078552
135.287491
134.590271
134.056213
133.552536
131.623993
131.079285
132.829224
133.746689
132.931213
132.892349
135.134537
135.886536
135.164597
134.049423
132.867126
132.311432
131.307251
130.961441
132.185211
134.12587
135.895264
135.293991
134.308136
135.063309
137.460571
137.494736
136.246353
135.278244
135.358505
135.344986
134.489304
133.731461
133.835861
135.039352
134.945923
134.556992
135.079361
137.154724
137.603271
135.710602
134.455887
135.083145
135.931305
135.382843
133.546402
131.111008
131.088318
131.86058
132.286865
133.073441
134.056473
135.579971
135.516998
133.675842
133.213837
134.334305
134.089737
131.979187
131.489655
133.149292
133.875565
134.050888
134.670258
135.901642
137.429855
137.188385
134.845016
133.175919
132.788055
133.5065
132.819489
130.734924
128.733215
129.966049
131.759354
128.467026
131.397537
129.690262
128.519241
130.192276
133.185272
133.34584
132.329926
132.992355
135.829803
137.257629
NaN

spatula_left_very close to_1.txt
160.782196
161.617264
81.434906
83.9753876
86.4222717
88.5516281
90.5787659
92.498909
94.6107712
96.6740875
98.7647324
101.110359
103.370956
105.682503
107.909668
110.030128
112.224838
114.497833
116.777534
118.992439
121.380508
123.806099
126.207748
128.552734
130.803909
132.963287
134.968765
137.038696
139.156158
141.358047
143.512024
145.632523
147.920135
150.554001
153.214127
155.738281
158.407913
160.953506
163.516571
165.921555
168.015762
170.190933
171.089096
172.901657
173.289871
174.94635
177.274017
177.640579
178.28595
178.749619
179.068527
179.606827
179.940659
179.760162
179.786942
179.810257
179.455353
178.812393
178.470688
178.215561
178.100906
178.029495
178.055191
178.359436
178.701248
179.042236
178.974365
178.977997
178.888306
178.369492
178.00325
177.599472
177.447189
177.39151
177.317886
177.790527
178.16571
178.774109
179.157211
179.703262
179.842987
179.817612
179.765106
179.475128
179.037949
178.326843
177.962311
177.629501
177.516281
177.533203
177.758957
178.104004
178.681503
179.093674
179.6866
179.909348
179.876465
179.918442
179.860123
179.590271
179.066238
178.514038
177.854431
177.681015
177.643585
177.634628
178.12706
178.421829
178.656815
178.740112
178.804184
178.708206
178.284119
177.903229
177.849609
177.819504
176.900284
176.953171
177.928131
178.334335
178.666321
178.837021
179.331787
179.522339
179.344482
179.26619
179.123077
178.783249
178.192795
177.771561
177.302017
177.128403
177.236649
177.696503
178.076248
178.682999
179.025421
179.168198
179.220673
179.432144
179.551071
179.703262
180
179.407516
179.004166
NaN

spatula_left_very close to_4.txt
72.9959641
72.8069153
46.1170731
45.3762016
45.0543633
45.1803894
45.2628937
44.857872
44.1136055
43.5481453
42.9702873
42.6009483
42.4530411
42.5100746
42.3660011
41.8957405
41.6140327
41.0039597
40.1888351
39.4476242
38.6798401
38.0848579
37.3186073
36.5489235
35.9361801
35.8470764
35.7946854
34.9020004
33.5351448
32.5703621
31.5331192
30.7044029
29.8323193
28.9120502
28.4963188
28.3967705
27.9377289
27.1279011
26.1136551
25.5438175
26.3627987
26.8617935
27.4364338
29.4527531
31.5654392
34.1540489
36.3738937
39.303688
43.0786781
45.2944908
48.8342705
54.8073769
62.8095055
69.629425
80.0767288
93.2949295
106.075516
125.178314
133.324738
140.695404
148.179169
147.172134
146.57489
150.515228
152.240784
148.258911
143.930725
142.032516
142.821335
144.810333
144.829117
147.035583
148.956909
150.050217
151.695938
151.122604
150.17836
149.516541
148.12764
148.614685
149.519821
149.061172
147.940536
147.403229
146.531448
146.142532
146.889893
147.719681
150.284302
150.887177
150.882309
152.316391
152.986237
150.166824
145.369049
146.061371
150.25946
150.458817
147.540359
147.710037
147.613724
145.809265
146.977402
148.756622
149.321625
149.507126
150.378403
149.849823
148.292587
147.293915
145.072037
143.720139
145.792374
147.645432
147.858002
147.749527
148.355148
148.237503
147.150925
147.802734
149.844681
149.57431
148.920258
151.762283
152.167725
149.817062
148.971191
147.777298
147.09697
149.375549
150.442108
149.63974
148.375092
146.523544
145.923386
146.993546
147.972198
149.330383
150.297485
149.946075
150.146698
149.338959
148.130356
147.69989
147.213531
147.084183
147.902969
148.893127
150.071274
153.006042
152.634232
146.30426
142.629639
142.283432
144.828049
148.482773
148.240967
147.341049
145.779495
144.515289
NaN

spatula_left_very close to_5.txt
122.47226
122.313652
118.496735
118.176262
117.895912
118.930954
119.458893
118.827904
118.813454
119.575493
120.179955
120.821198
121.514709
122.527176
122.717644
122.102104
121.879333
122.445557
123.578751
124.655052
124.729393
124.217056
124.417686
125.763359
126.052261
125.788139
126.276154
127.332336
127.02272
125.749374
125.304306
125.757309
126.440269
127.549004
127.49984
126.613579
127.234352
128.520706
128.44809
128.554916
130.484451
131.780014
131.290222
129.914703
128.91835
129.740387
131.442108
131.319321
129.722366
129.23317
129.975937
130.766876
131.250717
132.020584
134.585617
134.582932
131.370682
130.699326
132.895218
133.730392
132.902893
132.052063
131.67392
133.086624
136.007996
136.168793
133.42334
132.4879
134.724289
135.772491
133.27861
131.965256
134.0811
134.943573
131.60965
133.5896
134.954895
131.874283
133.761887
136.345703
135.371368
133.667572
135.544495
138.752274
137.313171
131.999985
129.865997
130.29248
130.331879
129.941299
129.439896
128.403397
129.722687
132.783691
131.819107
128.042572
125.102043
127.140862
129.386871
129.798874
127.855026
123.232338
123.795906
126.375275
129.411453
132.511948
135.543625
134.761627
133.601746
132.197388
131.286255
130.71106
129.991287
129.543182
130.036606
130.891022
133.665512
133.771317
132.037552
135.265335
133.659058
132.807495
132.106766
131.72438
130.374405
129.756729
130.005753
131.15155
133.182892
133.521667
131.764984
130.576508
131.078522
131.21286
131.701553
134.367783
137.775162
137.421265
133.248352
132.245193
133.859604
134.236588
134.587204
134.738968
132.241592
130.735413
130.679916
131.043854
132.469299
134.102402
132.138016
130.047043
130.43576
130.041351
129.613083
130.434143
130.180969
130.083954
129.839386
131.960739
134.985474
134.004074
131.617828
132.544724
130.689117
130.257156
132.517059
132.937988
133.404907
133.330475
134.226517
135.001907
133.987228
131.205872
130.340851
128.161118
126.782478
128.746506
130.979858
132.994492
134.650635
133.870773
133.677048
133.868958
133.93718
134.98494
136.040497
135.157913
130.710205
129.716766
133.155762
135.239441
136.399277
135.351044
135.182663
134.365173
132.331497
132.268906
131.074692
130.571732
129.952057
129.591415
130.438934
131.520569
133.932068
NaN

spatula_left_very close to_6.txt
131.213226
131.518784
58.7042999
59.1469994
59.4477425
59.2229996
58.7966385
58.2495956
58.5577927
59.0063744
59.4675484
59.9259415
60.2113953
60.1234932
59.6528358
59.6515961
59.9634323
60.9523773
63.127388
64.071434
65.4613724
66.4934998
67.4112091
67.9855118
68.3490829
68.6960373
68.9579086
69.4958191
70.1935654
71.0251694
71.8720322
72.420929
72.6341934
73.2596436
73.2548141
72.6081772
71.5849228
71.8892059
72.150177
72.3342209
72.7244034
73.6478348
74.6297226
75.7143631
76.5046844
77.5764847
78.3811111
78.9456711
79.5842133
80.329689
81.0404434
81.9574661
82.9665146
83.4008331
84.2106552
85.0011826
85.4603348
85.9586258
86.8886795
88.1972656
89.2303238
90.6200562
92.4323044
96.1759033
98.9750671
100.786621
102.455673
104.33493
105.356102
106.064941
107.140396
108.57428
110.176903
112.08461
113.39357
114.362366
115.167068
114.753296
112.489388
111.613289
110.111824
109.96624
111.191521
113.309029
115.28965
115.609489
115.977585
116.651398
116.58625
116.819199
114.323738
111.031242
114.395294
121.076851
129.228165
130.676544
131.069641
131.005951
131.150665
131.414658
131.491791
131.75531
133.8685
135.947861
138.075851
138.704285
137.459854
136.095398
134.262375
133.287155
132.559097
131.615021
128.173279
123.49337
118.3078
115.705536
114.1698
113.429466
113.535019
113.613258
113.617287
113.929085
114.129013
114.118225
113.879448
113.539528
113.271965
113.427528
113.325027
112.84819
112.777298
113.186707
113.292244
112.751869
112.563232
112.841339
113.361336
115.326637
116.985786
119.403549
121.201668
124.475418
126.265831
127.278503
126.693947
126.150467
126.479477
127.208054
127.728401
127.767189
127.28981
126.570404
125.638206
125.502449
125.119247
125.26152
125.82267
125.864227
126.055244
126.219093
126.12558
125.769028
125.431534
125.583687
125.90712
126.098381
126.349106
126.073586
126.451805
126.971169
126.50013
126.239044
126.813812
127.80217
128.222855
128.455185
128.37114
127.983673
128.216797
129.2686
130.234161
129.277725
128.63504
128.964325
130.194458
130.622406
130.862503
130.759171
130.586136
129.362625
NaN

spatula_right_distanced from_3.txt
50.6098976
50.5939522
150.684204
149.701859
148.667862
148.122101
147.480804
146.531647
145.521454
144.502106
143.36499
142.445816
141.568604
140.662476
139.801422
138.933746
138.022995
136.976395
136.032211
134.859589
133.585571
132.073578
130.804703
129.694473
128.382858
127.167862
125.747292
124.213699
123.329475
123.133476
122.393944
121.779259
120.824242
119.813225
118.703583
117.402008
116.022705
114.61895
113.254639
111.717628
110.255882
108.735039
107.304726
106.033203
104.510887
102.855705
101.134933
99.1964951
97.2179489
95.2491989
93.2644882
90.7416306
88.2883072
85.8546219
82.924675
79.4043274
75.7884827
69.6196136
63.0372696
57.3694038
54.579464
56.2955666
54.7283974
53.2014923
50.3876877
49.0260468
49.3812561
51.0600319
54.3404121
55.8511009
56.275116
56.4908447
57.0854988
57.2792053
57.9267387
58.5060883
62.5968208
70.3685226
79.8845673
80.7274017
78.9429932
78.1933746
77.9579849
77.8834229
77.3407288
77.7447968
79.0066681
79.7872543
80.5291367
80.7644882
77.9215851
74.8441315
68.7744293
63.9952812
60.242569
58.8555908
57.7351532
58.1523476
59.2404938
60.599617
60.9490509
60.8469734
60.4123077
60.2892342
61.6740494
63.3491096
65.0322189
71.5689392
75.4962082
78.0847168
78.390686
77.4665451
77.4970703
77.6872635
77.1482544
76.0306168
76.2653046
76.290123
75.7234497
76.6569977
77.2131958
77.3400803
77.2945023
76.0187378
75.2439041
75.6225815
75.9305344
76.2819748
77.5298996
79.1792908
79.3028412
79.368988
79.8038177
79.3934174
77.4950714
71.4867172
64.25457
62.1113777
60.045887
58.5168419
58.8740463
59.74506
60.6626587
60.8002625
60.2467651
59.5669289
59.3582573
59.8068314
61.3844833
63.3590202
68.9506302
73.0131836
76.6506119
78.7165527
78.5530167
78.0561371
77.3964844
77.1419449
77.0419388
78.0786743
51.8573303
50.4775925
150.754013
149.567184
148.583282
147.712357
146.758636
145.548676
144.361359
143.174896
142.103653
141.159348
140.31572
139.350204
138.438705
137.577423
136.672745
135.474625
134.093948
132.861282
131.570663
130.128799
128.800461
127.592659
126.56395
125.5896
124.978668
123.925903
122.969223
121.786713
120.864136
120.200829
119.896553
119.201668
118.061432
116.202774
113.76828
112.206551
111.029388
109.398041
107.371399
105.417931
102.967476
100.31916
97.8210449
94.9781494
91.5302277
89.4218979
87.6307297
85.2252121
82.8420334
80.7435379
78.6530609
76.3409042
73.663765
71.0836258
69.6113663
68.5263901
67.4180222
66.3265152
65.5251923
66.7956772
65.1049347
63.6214561
63.3319855
60.8121681
59.5821533
59.4719048
59.7783089
59.6487808
57.467144
51.9264603
49.7269096
48.7346878
49.8974113
54.1101723
56.6855965
57.8020935
56.7597427
56.7331581
61.0836945
64.6227875
69.1781158
70.5380936
71.5821152
71.7476501
71.9388428
72.0578995
72.2889862
72.2599487
71.9504318
71.6454239
70.9980469
70.5511932
70.6140289
70.9915161
71.3061981
71.3216934
71.7140198
72.3318253
72.7782516
72.5907288
71.7037659
70.9903259
69.8879929
67.9541092
66.8844833
65.4847488
64.6172943
65.026001
64.7740631
64.0702591
63.2232437
62.0808601
61.5466728
62.2351532
62.5501289
63.5301247
63.5227127
62.5229912
62.1612854
60.7904129
59.7355919
29.7001495
29.4415207
139.711365
137.675186
135.638214
133.908218
132.092621
130.408386
128.627319
126.939911
124.927956
122.784439
120.66436
118.740356
116.785896
114.957573
112.921059
110.622185
108.447701
106.376144
103.960655
101.343445
98.6758041
95.8771362
93.2234726
90.7418823
88.423172
86.2860031
83.8039322
81.3392944
78.6524658
75.7625885
73.9466858
72.2309418
69.2493286
66.2302856
63.7106323
61.0149536
58.6012077
56.3668137
54.2474289
52.367321
50.41716
48.5714073
46.5357132
44.153801
41.8168182
39.480938
36.9287682
34.475174
31.8551178
29.3896561
26.9938755
24.8216553
22.678751
20.6205387
19.0957203
17.2525196
15.7844286
13.768261
12.219677
12.5864086
12.2812405
12.0775223
11.8964491
11.9319983
11.9855633
12.0927906
12.2836161
12.3860254
12.5050173
12.5296602
12.5663338
12.5181952
12.3529606
12.2814646
12.1728296
12.0612059
11.9838696
11.9615622
28.228405
28.3799763
137.629318
134.64621
132.282471
130.377213
127.610123
125.199654
123.743279
121.240944
118.708801
117.836433
115.346596
111.763718
109.260628
107.818375
106.876701
105.756386
103.738846
100.675766
97.5479279
93.9714279
91.0608215
88.5259018
85.5119476
82.6613235
79.9444199
78.2551041
76.4741287
73.874939
71.1713333
69.2769623
66.9997559
64.113266
61.8631363
60.859642
58.5083046
54.3238983
51.67696
51.0966225
50.0411568
48.7092361
46.87854
44.6792107
42.981369
40.7772369
38.7870789
36.8973122
34.5652275
32.796051
30.4691257
28.1942711
26.1388912
24.447298
21.9235764
18.226326
16.1292038
15.3808899
13.4788914
11.7837839
12.1299009
13.5044785
12.7654152
12.4186382
12.098918
12.1773806
12.3391132
12.1698179
11.7147541
12.056531
11.9811058
12.1273489
11.5034838
11.669776
11.4376087
10.8889494
10.0442791
10.171772
11.0122766
11.6690502
11.5019941
10.6975927
10.2420969
11.0973568
12.3618498
12.2349958
12.5836353
12.7522564
12.5169506
12.4598427
12.1194305
12.0726414
11.9777822
11.7707329
11.5048885
12.3626947
13.2816868
13.4311762
12.5423107
12.1175928
11.869132
11.9821587
11.3126278
11.4387112
11.5010014
11.6411905
11.9585304
12.5842304
13.3287125
12.5539742
11.6312189
11.4049788
11.7177143
11.9367542
12.1848745
12.2205162
12.4716139
12.5750103
12.5932713
12.1509943
12.0453749
11.9469042
10.9696989
10.099329
10.6848907
11.8788919
11.7899857
10.789979
10.2552633
10.4979
11.4414492
11.5162354
11.5656862
11.6688137
12.1783848
12.1289749
12.0420036
11.8940468
12.5870514
12.5649204
12.478776
12.5177383
12.9344826
13.1021576
13.9100199
13.6020136
13.1055012
13.2933655
13.1090708
13.2314377
14.6853914
16.0657101
15.7944317
15.1879759
15.2044945
16.1271744
17.356472
17.1586113
14.3600101
16.3571243
80.6704178
80.0476151
153.285187
152.254868
151.332214
149.912491
148.81456
147.853134
147.068237
146.298187
145.735382
145.062668
144.276062
143.531662
142.948792
142.637314
142.295502
141.746902
140.981003
139.918961
138.887863
137.634735
136.522278
135.187729
133.731842
133.503235
133.791794
133.797897
133.756149
133.692703
133.254013
132.642685
131.874084
130.99649
130.050171
129.10054
128.175598
127.478638
126.822762
126.079079
125.254662
124.586777
124.341248
124.26091
125.032082
125.4366
125.998184
126.271072
126.717194
126.60791
126.807693
126.731483
126.791138
126.785812
126.038139
125.809944
126.85347
127.526733
127.841331
126.368416
121.184479
118.430756
115.101326
113.484062
111.536118
111.088333
110.779823
111.028656
111.446808
112.08416
112.864037
113.094872
113.566933
114.031433
114.431549
114.708099
115.439362
116.804474
117.236702
117.353851
117.243057
116.62294
115.837288
114.98629
114.734024
115.302269
115.926277
116.021553
116.120728
116.255478
116.635765
116.901955
116.751747
116.184837
115.632141
114.481949
113.590828
112.685921
112.551926
112.929321
112.552856
111.508263
111.546379
112.321388
113.158218
114.438995
115.156525
116.267365
116.897324
117.305328
117.327614
117.665352
117.670677
117.419601
116.124146
115.490112
115.08638
115.141006
115.744263
116.146355
116.863007
117.197266
117.062378
116.461761
115.639297
115.190567
113.96801
112.861786
111.821793
111.404655
110.488617
109.998001
109.970322
110.048508
110.940079
111.834793
114.391739
117.369225
119.948357
123.834648
126.840477
129.595917
129.765228
128.410416
127.583496
127.198708
126.993462
125.905197
125.316559
124.489349
124.0345
123.679413
123.074066
121.903839
121.071945
118.905128
117.426064
115.77623
114.862953
113.531448
NaN

spatula_right_very close to_4.txt
118.988388
119.147568
14.1522121
15.9731674
18.2116661
20.7106209
23.5647907
26.974081
29.8049793
32.4873848
35.3431053
38.0879707
40.57621
42.8843384
45.43116
48.2292519
51.7008667
54.5204697
57.2615242
60.6365013
64.3118896
67.2970581
68.8996887
71.6062851
74.5705414
77.5761948
80.1708603
82.8608246
85.6780014
88.6707077
91.2061081
93.7431564
96.6855469
100.189934
103.435188
106.09153
108.840652
111.931381
115.515739
119.155777
120.78199
119.225418
111.164619
110.394402
113.083595
119.402748
119.631653
120.32724
120.526886
121.132301
121.47187
121.323616
121.18544
122.283653
123.079079
123.522034
123.408882
123.076378
123.636002
124.403084
124.312958
120.324196
116.895424
113.493446
112.841217
111.857513
112.113571
112.526787
110.995735
105.478455
100.917366
96.3026886
94.4585953
95.5117569
95.8324127
97.7078476
98.5271912
98.3438416
98.8694229
97.6798782
96.8272781
98.6597443
100.039993
102.352226
103.041931
104.800117
110.320419
114.113838
119.423088
121.707062
123.791924
125.958076
128.104385
129.393036
130.401581
130.355484
128.996109
127.645981
127.49353
127.082405
126.828705
126.767845
126.484863
126.753571
127.079056
127.296844
127.137146
125.926819
127.071999
132.765305
136.131073
136.213776
134.791565
132.779907
132.465424
132.424561
132.761002
132.643265
132.556335
132.666916
132.719254
132.650375
133.210022
133.069626
133.166061
133.30809
133.333832
133.031128
133.047302
133.031448
133.085342
133.459091
133.440506
133.597733
133.628906
133.754089
134.201553
134.597519
134.288651
134.610336
135.32254
135.304626
135.000015
134.8181
134.690231
NaN

spatula_right_very close to_5.txt
108.368881
108.842537
13.9129181
14.7066746
15.7620668
16.2548294
16.6549206
17.7041721
18.8169823
19.0439072
19.9723835
21.6470699
22.4254971
23.1546192
24.5315361
25.8786888
26.5657635
27.5495224
29.0326042
30.162014
30.7512302
31.355545
32.3695412
34.1632271
35.419796
36.4781456
37.3834763
38.1502609
39.618042
41.2195282
41.7693558
42.5137367
44.3170128
46.1239929
47.6513329
49.7759361
51.9366684
54.1048508
55.2378883
56.1107788
57.2488594
58.9888611
60.6534004
62.236351
63.5294533
65.1002274
68.002594
69.8275223
71.4685364
73.7082977
76.1816177
77.9003754
78.7849731
81.1783905
83.2740097
85.906723
88.5596466
89.9909973
91.4024963
93.0242233
94.7394333
91.9806137
91.6095428
91.6443481
91.6552887
91.6492081
92.6230164
92.8330917
93.7777252
93.9598236
93.0229263
91.6364517
90.3297806
90.3131409
91.117836
91.0966187
90.4503403
90.5200882
91.1691513
92.0583649
92.9169998
93.073822
92.7929993
92.2876968
91.5077133
90.2593842
90.2899475
90.0763168
90.3359451
92.1827698
93.2698517
95.0207672
95.6651917
95.6630402
95.7925644
94.3407898
92.9283218
96.6840591
91.9940567
93.3482895
94.4132309
94.2172928
94.4471054
94.0191498
93.141983
92.2649002
91.4920273
91.2747574
91.6473694
91.6651611
92.6343842
93.1074295
93.0546265
92.8889236
92.1811447
91.0994186
90.2217026
90.0838852
90.1869583
90.9906235
91.8255539
91.4864197
91.3275528
91.9024887
93.2692795
93.6745377
93.0867691
92.0994034
91.3061905
90.5105438
90.4897079
90.9028549
91.4710312
91.9856491
93.3457718
93.0214691
92.6070709
92.6331177
92.1254807
91.0968857
90.1787567
91.1621552
89.6790619
90.3247147
91.3115234
91.515686
91.589119
92.3932037
92.661705
91.8715515
91.9192352
91.6598969
91.4258728
92.0077667
92.2647858
92.8729553
93.4551315
93.2396927
92.583786
90.5269928
NaN

