spoon_left_distanced from_1.txt
47.207901
47.4832802
112.578522
111.151314
109.697548
109.150009
109.118507
108.057205
106.042885
104.843651
104.539223
104.023239
103.328598
102.295677
100.958984
100.214188
100.665482
100.426041
99.2633133
98.0347137
97.8351593
98.1859207
97.7991333
96.6873169
95.0305252
94.1119614
93.5527267
92.3922577
90.8080521
88.94133
88.5581589
88.6832504
87.8616104
86.9753799
86.8082352
86.5143433
85.0493546
82.9479523
81.9790726
80.8215103
79.3678665
78.0203094
77.2855606
77.5576172
77.2319794
75.8833618
74.6308594
74.2146912
74.1445465
73.6729584
72.3222809
70.6676941
69.612175
68.8501282
67.6784134
66.3624496
65.3327866
64.5990295
63.7365952
62.5711327
61.5498047
60.9488792
60.2251511
58.5666046
56.0353622
54.6816368
54.0760193
52.8156433
49.9227905
47.4952888
46.7722549
46.1580467
45.7042007
46.232254
46.5778427
48.0267525
50.5866432
49.6781998
48.8657532
49.3185272
49.4991798
48.7188072
48.0527802
48.7433739
49.6666489
49.9210739
50.7577057
51.5998726
52.5657043
52.6460075
51.2702217
49.5862961
48.2844391
48.6276741
48.7413483
46.5486908
45.3939362
46.2971268
47.7388878
45.23563
48.0823593
46.5196991
45.5349045
46.6417923
47.9609909
48.6113548
48.3016586
48.7455177
50.2229271
52.4161224
52.7619057
51.9325409
51.0996094
49.933506
49.5063515
48.9392395
48.1868629
48.1493225
48.9814835
49.5498848
48.8450661
34.9198685
34.7784615
86.1147385
84.5481033
83.1972427
81.6860046
80.5603485
79.453537
77.9103928
76.6194
75.2209091
73.9585571
72.7589722
72.0470505
71.1301727
70.3786087
69.1334915
67.8917313
66.2227859
64.8371658
63.5541115
62.0227966
60.5540314
58.9895172
57.663311
56.4682312
55.4274254
54.307869
53.1122894
51.9812431
51.0033302
49.9031525
48.8299942
47.8661041
46.5811691
45.2546616
44.1158905
42.9399223
41.7601204
40.5449448
39.31744
38.0781479
36.5713005
34.9018745
33.3198357
32.0771561
30.9605656
29.5740433
28.0007458
26.4551067
24.9598293
23.5435467
21.9759007
20.6537933
19.6576366
18.7197742
17.8067303
16.9854107
16.3372498
15.6393766
14.8462906
13.8127165
12.7293386
11.6960688
10.4530268
8.96836948
7.86930943
6.82633495
5.9497261
4.8110857
4.54307938
4.10092974
3.01785302
1.78509283
1.28740001
1.91192687
3.33448482
4.21756172
4.2678318
4.02749538
3.71731138
3.76811171
3.20026708
2.48041344
2.29396677
1.76269722
1.37059343
0.799418688
0.432958692
0.292083085
0.640108049
1.62666357
3.05460405
4.40499973
5.45477772
5.01559544
4.05313587
2.10235834
0.755887628
0.228997305
0.213978857
0.564406037
0.647403061
0.487787634
0.399584502
0.329838008
1.57482827
2.8340013
3.87024474
4.49745035
5.45693302
6.00603008
5.73907328
5.23259258
4.65988874
4.47308302
4.09323359
3.92610502
3.73460102
3.51530051
3.29437709
3.48947358
3.92790008
4.06346226
4.16452408
4.7445817
4.88427162
4.86482
4.24593163
4.43817902
4.41317415
4.36313915
4.2446866
4.11561155
4.15463638
4.4584775
4.68830347
4.66581249
5.1624732
4.94494343
4.5894084
3.71066809
3.30925989
2.83179021
2.50444388
2.3216989
2.48868513
3.17243433
4.1853981
4.5583601
4.86349106
5.32148647
5.31197786
5.75132084
5.66672993
5.27696609
5.11094093
4.73023319
4.34920073
3.64437985
3.58883286
3.37440634
3.33231163
3.7283566
4.09605551
4.7761445
4.75048256
4.66215849
4.6960268
5.22640991
5.06909943
4.81511545
4.31765318
3.8155179
3.34205031
33.5339127
33.5769234
86.3929977
84.5553818
83.0090561
82.3349533
82.0156479
80.4189224
77.8173141
75.875145
74.5859222
74.1886749
73.9487381
72.6603699
70.3401566
68.2241287
67.6300735
72.2520905
66.0769424
63.2089195
62.299099
62.1196747
61.2958183
59.7722359
57.9486237
56.2505302
55.4459496
55.4213333
54.7166176
52.768795
50.7407875
49.1156807
48.1914864
46.8872223
45.4426231
44.3876076
43.4023933
42.1838913
40.9957085
40.1523094
39.39431
38.4215164
37.1314392
35.7499313
34.7747192
33.7690582
32.4444695
30.5428505
28.9250793
27.4952908
26.4055824
25.2107849
23.9861221
22.9798164
22.7125435
22.0684624
21.0868092
19.9942684
18.9717045
17.7191238
16.1494617
14.9477015
14.3271055
13.3970385
12.3561211
11.2221241
10.349823
9.15027523
7.56283569
7.01397419
6.16710472
5.51597643
5.95947027
6.29045868
3.35059214
1.42669892
1.3300153
1.73753738
2.57944369
2.12485957
0.35990873
0.741513193
1.29784572
1.30371296
0.897220731
0.325658858
0.29408595
0.863887429
1.4351778
2.02429414
2.34818745
3.14821362
3.56062508
3.50073338
3.38165116
3.02498007
2.93184662
2.38548303
2.0438261
1.92803204
1.46580338
1.05628824
1.50558209
1.84811497
2.05280757
1.96562898
2.02042317
2.1318481
1.75301147
1.19909942
1.15148079
0.682423174
0.416840702
0.753813863
1.41968632
2.24000692
1.74551582
1.61991251
1.85551286
1.87669742
2.45431447
4.72219229
5.15160704
3.8994298
3.35304546
3.44196272
4.47220707
4.46106863
3.43849111
3.35934544
4.56269741
4.87785006
4.05299091
4.07899952
4.48073912
5.15483904
4.79248238
2.90636373
1.67876399
1.63350654
1.20528471
1.06569433
1.81240141
1.6315887
0.748604298
0.780343533
1.62798643
2.34727025
2.14402342
2.33422613
2.16084528
1.81067288
1.06679547
0.963271201
0.968942463
1.0497843
0.842094243
0.919835567
1.78125155
2.09452391
2.58187079
3.13824821
3.12060714
3.31363487
3.36039448
3.10412741
2.48884249
1.50584209
1.05795431
0.455854356
0.20747906
0.276953042
0
0.142652526
0.263929576
NaN

spoon_left_distanced from_2.txt
56.614151
57.1703949
64.3041229
63.7485199
63.1678772
62.1966171
60.9103775
60.0536346
59.514122
59.0379829
58.2269745
57.2441559
56.1532707
55.1549034
54.4087715
53.5469437
52.2998581
50.9955597
49.4219704
47.0028343
44.1726799
36.4574661
28.754076
18.1634045
14.3798532
11.6175232
10.3377838
10.3617544
11.1010818
13.7196894
13.855792
12.5307312
10.8631582
8.35343456
7.18113708
6.43105364
6.48379898
7.06152582
7.50864458
7.77549076
8.43118954
9.6133728
11.0488844
12.2200804
13.4681482
14.5885315
15.7441664
16.8790073
18.1425457
19.4256077
20.6097145
21.7511101
22.9195957
24.1718941
25.1980019
26.3914642
27.514082
28.6729774
29.8553925
31.0880947
32.5317459
33.7701454
34.7200508
36.0012016
37.424015
38.8605728
40.3712997
41.6110916
42.7240791
43.7309494
44.1768875
45.0492363
45.7572784
46.2630234
47.3194504
47.9018402
48.0432549
48.5296059
49.2568932
49.2117195
48.4455833
46.3186951
45.9428062
46.3007164
46.3143845
46.020649
46.4266777
48.6266632
49.0773659
49.4615097
49.0999298
48.3689003
47.7820282
47.5133591
47.7056122
48.3372307
48.5360909
48.6531448
48.8854218
49.0059929
49.1507416
49.4298286
49.3578072
49.2830582
49.3719788
49.3831253
49.9291267
50.3362236
50.3550072
50.5538216
50.5984764
50.7463226
50.7329216
50.6647301
50.719696
50.2160072
50.0604057
50.1945457
50.2751465
50.314621
50.393856
50.4940414
50.2576637
50.6098976
50.4731674
49.9751511
49.5781822
49.6988678
49.615139
49.2990799
48.6098671
48.0918274
47.32584
47.1283531
47.5135956
48.070652
48.6052132
48.835804
48.8975143
48.2818604
47.3863373
47.1394463
47.0581856
46.8130302
48.3487625
48.8248825
46.6706161
42.7888031
40.5607719
42.7983055
47.6228714
50.7565842
50.90839
50.6707916
51.0078773
51.1906929
50.9428673
50.1403046
49.9609032
49.7590027
49.1401138
49.0017967
49.780098
50.3251991
49.8067169
45.888813
41.6188202
35.1494637
31.8832722
31.4309845
32.2020111
33.6811676
33.8221016
30.6058159
26.4211197
NaN

spoon_left_distanced from_3.txt
169.317627
169.747192
73.9109802
76.1391068
79.3513412
82.6936798
85.4875183
87.9397888
90.7485123
94.2849121
98.20224
102.279327
106.827156
110.268372
113.762589
118.988152
124.558037
130.124588
137.414764
145.604904
152.347397
160.402573
169.775696
169.826035
173.539612
173.523743
172.477051
163.908783
159.165756
163.2108
172.302216
178.437393
175.524475
165.353989
165.696396
173.493195
175.224228
171.760223
170.175247
172.548141
172.454407
171.68689
172.985916
175.629501
175.796768
176.681641
173.491333
171.316147
169.127487
167.890121
164.516937
162.522217
163.856934
164.54953
163.551041
166.562836
174.867447
171.829483
169.53891
169.913864
169.561859
168.768219
167.744629
166.972778
165.418213
164.818665
166.965622
168.377518
168.688568
169.490402
170.877197
170.065994
169.490402
171.072052
172.835434
174.816315
176.546341
176.816116
176.808487
176.75473
175.360718
174.831726
171.594482
170.075867
171.836823
171.20694
170.652802
170.961426
170.481033
169.238007
168.576385
167.735062
166.867676
166.275848
166.793808
168.27774
169.1064
169.676865
171.349976
176.838943
172.344711
166.736588
167.603485
164.079361
162.284607
163.363937
165.843857
168.138412
169.821503
172.665115
172.976303
173.498291
174.050247
174.454269
174.182037
174.068222
173.229401
170.172012
169.673035
172.940369
172.356323
169.482254
166.185989
169.624664
170.901276
173.990021
162.844269
NaN

spoon_left_distanced from_4.txt
73.9384155
73.9210815
130.89975
130.168976
129.419144
128.750076
127.932396
127.122322
126.382339
125.793961
125.202911
124.669289
124.091232
123.346863
122.604492
121.624893
120.558769
119.325798
118.110817
116.829323
115.467766
114.019203
112.47789
111.109444
109.710655
108.405708
107.115158
105.732811
104.342972
102.942581
101.620003
100.157509
98.7213821
97.2003555
95.6959991
94.2342224
92.765419
91.1835327
89.571228
87.9473495
86.3479996
84.8041534
83.2658844
81.6770782
80.0012894
78.3329773
76.790863
75.2967834
73.7700729
71.9953613
70.3020477
68.4505005
66.629364
64.7990417
63.1511917
61.4581718
59.9959984
58.7657585
56.8441086
55.277092
54.7560463
56.1920929
56.1839066
56.0734177
56.024189
56.0534706
56.0904427
56.063282
56.0148621
55.9717979
56.0343895
56.3768234
56.6298103
56.8827438
57.0066833
57.1233292
57.1570702
57.050106
56.9937363
56.9702835
56.2581978
54.3708305
54.18787
55.46661
56.8205109
57.6319695
57.7437057
58.0135918
58.2569656
58.28228
58.4716606
58.4057083
58.0510368
57.9009552
57.3768349
56.5850601
54.9780121
53.9428864
55.4426079
56.8580627
57.0437202
57.0988541
57.0668564
57.1621819
57.0906868
56.9965286
56.7031975
56.469593
56.0938339
55.9355202
56.0084572
56.0162506
56.1109505
56.1768723
56.2058182
56.1969261
56.220417
56.2101059
56.1203613
56.0488892
56.0712128
56.1316071
56.1554298
56.1965599
56.1620293
56.1500168
56.1218567
56.3380928
56.5310707
56.8109818
56.9757614
56.8404083
56.4619865
56.4569321
56.4982224
56.4860687
56.5630989
56.5043106
56.4175377
56.4196396
56.5517349
56.8269081
56.8583717
56.9119492
56.8328705
56.8486404
56.9595222
57.0976372
57.1309128
56.9387207
56.8530655
56.7629776
56.7987633
56.8482208
56.7634659
56.6920433
56.6852417
56.6970749
56.7137566
56.702301
105.590988
105.616394
148.711487
149.293076
150.30159
151.257782
152.121994
153.285477
153.955429
154.048218
154.127136
153.540085
153.218903
152.726181
152.499176
151.978043
151.830826
151.452377
151.576614
151.441833
151.579651
151.82663
152.000992
152.315933
152.325821
152.205536
152.128204
151.861282
151.657898
151.320511
150.827728
150.315247
149.81073
149.792877
149.290665
149.286194
149.644058
150.217224
151.492584
154.119995
156.672058
158.216278
159.157074
160.424377
162.539276
163.570923
164.703064
166.756332
169.266495
170.877518
171.827621
171.583282
171.304062
170.745804
170.240234
168.587234
167.418716
168.429718
168.375427
169.765884
169.329498
171.511246
171.620773
168.284882
163.3172
161.834579
159.572311
155.925629
151.641373
149.58194
147.333206
143.575119
143.301834
143.810577
144.186157
144.138977
144.059357
146.134537
147.246994
148.742172
150.227386
152.776184
153.954407
156.995148
158.522812
159.964539
161.813705
166.94696
169.329605
171.388702
173.526428
173.371674
172.189331
169.722656
167.13562
162.088318
160.344681
157.958359
155.088501
151.879105
150.438049
147.584854
146.561569
146.251648
145.312042
145.05159
146.435699
146.184082
145.206573
144.893234
146.803406
149.197403
150.761597
151.611206
155.922211
158.818451
159.703903
162.082474
168.150101
170.911865
171.285782
172.714096
176.916748
177.819763
177.331055
176.596939
174.960785
174.292953
173.578049
172.056427
170.612991
169.828003
170.539368
170.522659
172.223068
172.833878
174.220947
174.836273
175.854843
173.75647
172.103226
168.337494
163.326065
157.107346
155.510544
154.457169
154.519836
155.880707
157.459595
159.104736
159.69194
160.692062
161.414261
161.184769
161.073898
160.468353
159.717377
158.518112
157.799011
155.577148
NaN

spoon_left_very close to_1.txt
14.09828
14.3130913
69.1081924
68.9952545
68.5392761
66.3630142
61.3230515
58.151104
56.1310081
55.2917709
55.9449806
57.9831429
67.2906113
72.6939774
76.1221008
75.5707092
75.0672226
74.6505356
73.7373199
72.9301682
71.2386932
69.1515579
67.8128891
66.8507996
65.283783
63.174366
60.8917923
58.7574883
56.7879715
54.431118
52.0621223
50.4519844
49.5198593
51.3899956
51.3764496
49.8286438
46.3358116
42.3817368
38.9128952
37.3544579
37.4831543
39.7950745
40.8306046
42.4809494
39.2916489
31.9760914
26.5041866
17.5990829
9.42172718
3.10242414
5.90989304
10.9179087
19.4075909
31.626709
43.0201645
55.2707405
62.6430588
71.3938904
75.1294785
78.9330597
82.9934235
84.9457016
87.2674713
88.9809418
89.9279251
90.2667923
90.0773849
90.4416351
93.8668976
93.5107346
88.0271683
86.4693832
89.0881348
89.8884125
89.7247849
90.8085022
91.4353867
91.9541855
92.2560349
92.7302933
91.7997131
87.1617813
83.9592133
82.7108765
77.4604416
77.317131
81.8231049
84.5743103
88.7007446
89.8914337
89.5608292
89.8147125
90.2249985
90.4105911
91.4050217
91.2286682
90.3093719
90.8433228
91.5303955
91.2561493
90.2189331
90.4408417
90.9863281
92.0949554
91.8471298
91.1818619
91.3615036
91.1702499
91.8691025
92.368576
90.7935944
90.9785995
92.3424072
91.0817566
90.1753998
90.2556763
90.4426041
89.8786011
89.5150757
90.2337723
90.4528046
90.4049377
90.7280807
90.8406219
90.3060379
90.545517
90.7662582
90.6328049
91.0549774
91.4601517
90.6759567
90.7112732
91.862381
91.9384842
92.7721786
91.516037
89.6731339
90.5139694
90.6741638
90.6835175
91.1860123
90.9627762
89.4285889
89.2859344
89.4444122
89.6698151
91.2523422
90.8711243
90.4481583
90.9872589
90.8673553
90.779007
91.5884628
91.5697403
90.8002853
90.7683792
90.9891357
91.2199554
91.5117035
91.4726791
NaN

spoon_left_very close to_5.txt
101.021454
101.589302
148.058472
147.509613
147.167145
147.958832
149.684799
150.644791
150.480011
149.531616
149.450333
150.141815
149.309006
147.790848
146.063339
146.473038
147.630569
146.929199
146.417847
147.754379
149.660492
148.573196
145.926376
145.294937
144.343704
141.829498
140.093613
140.238358
141.46579
142.272873
140.742477
138.75058
138.71489
140.843246
140.692978
137.444489
135.177551
134.577255
134.274994
131.929016
129.657455
128.673813
129.008148
128.14122
126.29068
125.591911
126.996521
128.344925
124.776245
118.415184
116.76844
117.900063
115.154625
103.616226
92.6655502
90.5762634
86.0914383
75.021492
83.6096573
87.6355743
97.0171127
106.823517
108.950912
111.840683
115.9935
118.504272
120.025757
119.634888
117.223831
111.973289
118.639732
136.741333
136.202698
124.225365
120.678078
121.10939
114.583115
110.076241
104.922836
103.299889
88.5279388
73.8182526
91.7009659
112.768532
49.0906067
115.230415
93.4785156
75.0736008
90.0514603
100.636467
104.769493
109.390488
115.107704
120.683258
121.387939
126.113586
142.398285
146.893417
124.393456
114.708603
117.611969
117.238998
118.383804
117.008736
115.164421
111.514519
109.263306
107.492599
110.133377
118.131523
116.73616
104.034393
102.041313
105.456863
108.56665
118.613449
120.503403
121.66436
122.782173
123.801071
125.201164
122.883316
124.469063
131.99527
133.804245
125.43998
120.069847
120.634163
120.99482
116.357468
118.213799
121.867477
126.713631
125.372414
122.079918
123.077385
125.257118
125.562828
124.498466
125.539642
124.281731
120.210701
108.797119
102.848763
101.254913
104.931717
116.037964
113.407555
106.873344
106.723854
111.727737
116.295624
118.927284
122.482315
118.882027
122.053581
112.062683
108.780754
129.471359
140.979095
NaN

spoon_right_distanced from_1.txt
24.958786
25.218008
81.4266205
80.4935989
78.5416183
76.9900513
76.4673996
76.2735443
75.1904221
73.4529495
72.571106
72.3515167
72.2111893
71.3131256
69.2360001
68.0158539
68.1005707
67.5177917
65.8533936
64.289093
63.3882751
62.0698586
61.340271
60.6416588
59.0743332
56.9972458
56.2947731
56.6547089
55.7729378
54.3434296
52.6964607
51.7363129
51.6947899
50.4842529
47.9956436
46.0010262
45.3962898
45.437027
44.2677078
42.0240517
41.030899
40.6354828
39.0002823
35.7686768
34.6663132
35.3732872
34.4954224
31.8856144
31.1004162
32.5244827
33.4393196
32.3516617
31.4407921
31.954546
34.3748131
34.7795868
33.8842697
34.7534409
35.8074722
40.2746735
42.7624512
43.516243
41.5207138
42.5233612
42.8894653
41.5029907
41.395134
43.4312286
45.8212051
45.1337242
42.9769707
44.2031059
48.1457481
48.9267921
46.2574959
44.6063652
45.2375069
47.5876312
47.8313103
44.731823
41.4011803
41.8606071
44.0403824
40.1729698
38.6214676
42.8422546
46.2573738
45.6055794
44.5105591
47.5900078
49.165638
45.2532082
42.1556053
41.4186249
45.2407303
47.1117821
43.9460983
42.8013344
44.7442703
48.3371277
49.5371017
46.7662659
44.1981583
45.7080574
48.9259415
48.9085388
46.6981163
45.8786507
45.9016991
46.6243591
48.6110954
48.4153595
45.3119812
43.7406845
46.3728065
49.4329262
48.2655144
44.7626572
42.9921684
44.0069809
47.2294655
45.5248871
41.0401993
42.1379585
47.0600739
49.3336143
46.5804443
44.812088
46.319088
46.256012
40.6928253
38.485096
41.4537582
43.9001846
41.9443245
41.4287224
44.4970016
47.55233
47.455143
45.1854706
44.4071465
46.2104301
49.0063057
48.2260513
44.5276718
43.4013481
45.4900246
46.2803497
43.7176552
41.4836388
41.4720421
42.9045258
42.4670792
41.3031921
43.1199608
45.5503578
46.7541161
45
43.9255753
45.7643852
NaN

spoon_right_distanced from_3.txt
83.206749
83.4412003
32.4940262
31.7969189
31.0469799
30.4910603
29.8697739
28.8456726
27.2713432
26.6124058
26.3633461
25.9260807
25.7925491
26.1904182
26.5444965
27.094305
27.1772079
27.1685791
26.647728
26.0910378
25.7347298
25.58634
25.2268009
24.7710552
24.598856
24.4997025
24.3797836
24.1576786
23.9480362
23.6703739
23.7994232
24.2253246
24.654995
24.9154015
25.1035538
25.8664017
26.593996
27.3694
27.9304543
28.3703403
29.0001545
29.8186417
30.9489326
32.1286545
33.0934448
34.281498
35.5022011
36.7848434
37.6138687
38.0735321
38.9643288
40.2707672
41.418972
42.3693237
43.5147705
45.1835823
46.5834923
48.3730698
50.3331528
52.0962563
53.8118019
55.2138634
56.722744
57.7068825
58.2355385
59.2723351
60.6676178
61.4316864
64.0440445
67.7835999
72.3783112
73.6972809
77.5170517
81.5009537
84.9872818
86.9880905
86.3410492
85.8225632
84.8018723
84.2490997
84.341774
84.7261276
84.6861877
85.200531
85.0044937
85.0545273
85.7901154
86.27388
87.1031952
87.6841354
87.1328506
86.3407288
86.2217789
87.8205185
91.1183472
94.368454
91.3189545
81.1628952
76.588501
77.9645767
80.9082489
82.4424515
81.6837082
77.4195633
72.2380905
66.4133682
66.8548203
70.8625336
73.3660049
73.7062759
71.8724823
71.0617065
71.5787659
70.7691345
70.3633347
74.3540649
80.0784225
91.0577545
94.2488556
93.2199326
91.5991821
90.29142
89.7298355
89.4094543
89.9565582
91.4240646
92.4998245
94.2629623
96.2906647
96.4523621
92.8224182
87.0466843
83.3768311
79.2532806
75.7704849
72.9634094
70.7751007
71.7920456
73.3654251
72.3337021
69.9408646
70.8530579
73.6886444
77.1130295
81.948349
83.4349365
88.5860291
92.8378677
96.6382904
97.0754471
95.0131302
93.7407074
93.4349136
93.2717361
92.3832397
92.0327377
92.424324
92.2510834
92.7203293
93.3768005
94.0581665
94.0706024
93.3741684
93.0558167
92.5090561
92.4155807
92.3975067
93.313324
94.3159485
93.6771317
92.1311874
91.9349518
94.1576004
94.4567413
90.3731461
NaN

spoon_right_distanced from_4.txt
70.3765869
70.5996017
107.741013
110.223343
110.388268
108.006416
103.966545
98.820961
95.7218552
93.6630859
92.602211
91.7268066
90.6760254
89.9913635
88.7291412
87.7486038
86.2273178
84.8671722
83.6174698
81.8211899
79.4835281
77.2503891
73.8540344
71.463501
68.9423599
67.0005264
65.722084
65.0875397
65.1230087
64.7678986
64.3809814
63.6340942
62.8646317
62.1095619
60.7852364
59.8280525
57.7345734
54.4824982
54.5523987
54.5001259
54.4588737
54.7445602
55.596981
56.2431526
57.3374443
57.822525
58.1703377
57.8781433
56.8132668
56.0032501
54.8372955
54.4841537
55.2696915
55.8646431
57.4058685
58.8152733
60.5300064
61.2741623
61.8742409
61.5897102
60.9148521
60.3699036
60.4684639
61.1395721
60.7071915
58.939785
58.2578049
58.2469177
58.5317383
59.4740028
59.749527
59.9568138
59.7784042
58.7192268
58.0273972
57.1647682
56.4626541
55.8725586
55.9498558
56.2376785
56.4679451
56.7769279
56.7831345
56.3829575
55.9881248
55.5623436
55.2819405
55.3334351
55.4686737
55.8529625
55.7074242
55.1840324
54.2911949
53.4750938
52.3857727
51.9296608
51.5641403
51.2329788
51.2107544
51.0758934
51.0801506
51.2269516
51.7701912
52.1515846
52.4451714
52.5679207
52.7751579
52.489872
52.1218948
51.8902664
51.420929
51.389637
51.4740944
51.4993057
51.8449326
52.0145035
52.3381271
52.4461441
52.4471741
52.1616859
52.2060127
52.7492943
53.6692009
54.0578194
53.1593056
52.1194496
51.2826233
51.199295
52.56464
53.9009018
57.3713303
58.8043518
58.6225853
55.4509315
52.0285606
47.7520561
NaN

spoon_right_very close to_4.txt
13.6848869
13.7415161
79.7842407
79.1560059
77.9484024
76.9297714
76.1703491
76.0785141
76.5856857
76.9059372
77.3508301
76.9248657
76.0853271
75.4256821
74.7754211
73.9004211
72.7735825
72.0749969
71.5336609
70.9754868
69.8778381
68.6119766
67.6900253
67.6224289
67.9566956
68.081871
68.7891312
69.3347702
70.3356781
70.5871735
70.9767532
70.7147369
70.1064224
68.7932892
66.2192383
64.0634689
63.4029465
63.6549683
63.2495956
62.7598228
62.1129417
61.5832596
60.9810905
60.3026543
59.4297218
58.5040207
57.8788261
56.8461838
56.1322021
56.2105942
56.2601318
55.9708824
55.6877022
55.6847076
55.4932632
55.6476898
56.2312012
56.946888
57.5939713
58.0828705
58.1910133
58.295578
58.0986557
57.8250313
57.6731148
57.1915092
56.5184708
58.694973
62.0033722
62.4072189
61.4128952
60.9911156
60.4049034
59.8957863
59.7543755
59.3215942
58.4692688
58.1434135
58.468399
58.9169731
59.421566
59.3058586
59.1298218
59.3282127
59.9983292
60.6594696
61.5671692
61.6304855
61.0963631
61.0176201
60.5596695
59.8586121
59.5485115
59.3855095
58.5604172
58.1418304
57.5351524
58.0697784
61.0592003
62.7509308
62.674881
60.3735466
56.2393951
54.8882675
54.1910324
53.9874535
53.5342979
54.0038567
56.0275688
57.1019135
58.5184746
59.7144394
62.2130127
63.8631439
62.2622299
60.5012093
60.4163704
61.4675217
61.9390717
60.9794159
60.1775322
60.2777519
60.4367943
58.6289978
56.8785782
56.1161041
56.7889938
58.947361
61.232563
63.1558571
63.0500183
61.5025558
60.4492989
59.5984764
59.5479889
60.5590744
61.0089035
60.3082771
59.480278
59.1164436
59.8136673
61.3996582
61.0955925
58.4894867
57.9225044
59.2879486
59.9215851
59.6694221
59.0530243
58.7753563
59.3932838
60.5244789
60.875927
60.2900047
58.4670677
57.601841
57.9028893
59.1876602
61.9741783
63.1335487
NaN

spoon_right_very close to_5.txt
134.455658
134.512253
51.281826
52.0226402
52.9563904
53.8108864
54.645443
55.6533737
56.7070885
57.7311554
58.5616074
59.4159241
60.1820145
60.7892303
61.8431282
62.8119011
63.7221947
64.8987198
66.0659561
67.2381592
68.398674
69.4501114
70.4469223
71.6162262
73.043045
74.6975708
75.6891022
76.125061
76.8577652
78.3585663
79.6923141
81.2060699
82.8284378
84.1582718
85.430397
87.0502625
89.009964
90.7444839
92.9055099
95.7258301
97.7529068
99.9490509
101.074326
104.552475
101.690239
104.109825
106.575394
109.095863
110.545197
112.408676
111.001091
109.230942
111.832657
108.36721
104.026619
102.894295
106.696457
110.892265
109.797821
107.911308
106.767746
107.940239
111.376976
113.442352
109.660461
142.345901
143.118347
112.1073
144.973007
145.003159
144.526611
143.690689
141.970337
141.189362
141.401993
111.196495
141.853363
141.086502
106.596809
109.424034
109.525475
107.418587
103.490242
100.985016
102.930901
106.562813
107.746895
105.10685
104.530853
107.966835
108.353798
107.267136
109.813515
110.423065
110.714691
110.735023
107.877884
105.439522
104.133133
104.42186
104.514519
104.999313
108.258728
109.552895
110.006477
111.373131
112.319656
111.685013
109.339874
108.441231
108.263245
108.097466
109.131096
104.742981
97.3119965
92.8818207
93.9449005
96.4483643
98.1044846
99.933815
101.88575
106.221802
108.856049
111.267494
110.601418
108.40876
107.596954
122.515793
121.316895
104.700249
105.709511
106.771416
107.461632
109.565742
110.034897
109.24305
109.925179
110.929794
109.603386
107.607231
106.716751
109.793945
119.357437
125.602669
122.100357
NaN

