banana_left_distanced from_1.txt
90
90
31.6125679
31.1959782
32.0599747
32.8014526
32.3409538
32.0115585
32.1503754
32.5444908
33.3164787
33.3884964
32.9069519
32.9755707
34.0272942
35.4161148
36.0033226
36.24049
37.2337685
38.7082176
39.5825653
40.1026726
41.8040581
43.1184464
44.2374649
46.5328789
47.7759933
48.511631
49.8543968
51.3817291
52.3537483
52.2454758
53.2700615
55.4459686
57.5727425
59.6351738
61.6118774
63.7821426
65.9040298
68.1683044
70.0745544
70.8733826
73.2021942
73.484642
75.1738434
75.8236771
72.0228348
71.2319412
71.2185516
72.4895325
73.0862198
73.3605042
72.8788223
72.1218567
71.4881287
70.5605087
70.76931
71.3032608
71.4807816
72.043457
72.0128632
71.7517014
71.6370773
71.4348068
71.2064209
70.6806183
72.2366714
71.0299835
71.2179337
71.6784134
72.0549545
72.2313995
72.5472488
72.6029358
71.6781616
71.4165649
70.7898483
70.3858185
70.7461853
71.7228546
72.6040421
73.334938
73.5661163
73.0933685
71.8508987
71.5369797
71.9327164
72.2847366
71.9369202
71.3980484
70.7183456
70.7367706
71.8028564
72.8290482
73.2206192
73.1199341
72.8873367
72.4600906
71.7176895
71.5345612
70.4940643
70.25914
71.8082504
72.6763458
73.8058548
74.3301315
74.6804962
74.9387894
73.9912033
72.9079285
77.070137
73.1324844
74.2212143
75.342186
75.104744
74.7538223
74.233551
72.8925247
71.9010162
70.2867126
70.3703842
71.1946564
71.3690872
72.2248459
72.8554001
73.2647934
73.4246826
73.2651901
72.3031616
71.1713181
71.0330353
71.5099106
71.8591537
71.9669724
71.46315
71.0553513
71.4562149
72.897438
73.4281464
73.3321381
72.8165207
72.0139313
71.0291977
70.5341873
70.9212646
NaN

banana_left_distanced from_4.txt
90
90
16.5660019
14.7290277
17.9470615
19.0821972
93.9942856
95.1910782
23.2206173
21.2370148
48.243782
98.209404
84.6410065
97.505661
37.4146767
99.5490112
36.1382713
76.8956757
101.228058
96.8523483
85.2899399
28.72752
88.093895
60.0335655
52.1642685
32.9653168
41.5591316
105.895996
94.0073318
61.4910583
75.4486694
79.205574
68.9758301
57.2935486
114.057404
61.9378853
39.2835808
118.043739
90.4923019
74.9293594
94.7657547
47.0075722
79.2238007
34.6463547
31.6925354
44.668396
89.0168839
99.1079788
58.4696922
81.562294
31.238718
68.5102234
88.756897
57.3525925
110.30513
119.011269
121.81778
123.481438
90.2367935
100.589096
105.603432
98.420433
98.6255417
94.4507904
92.6915359
64.436676
52.72575
111.373146
83.3012924
121.671555
118.860863
106.275986
129.263504
124.982819
84.2834244
73.6475143
53.4740524
95.8601532
75.1190262
61.1481857
77.5287018
96.9487
70.7857285
57.4173431
136.38028
116.288811
111.549347
70.3892136
146.54364
141.734512
140.863541
97.3749466
87.220108
94.9952087
102.027359
85.3949661
154.211273
114.322372
151.753433
96.4399567
82.8410187
150.157806
158.951904
91.7278214
81.1585999
98.4822464
150.202972
135.176498
158.736176
130.720581
83.1986084
112.839272
97.4389191
107.723351
99.0532227
114.986618
117.201637
157.07164
101.777596
99.9130173
146.448456
112.301666
92.7783127
94.6520081
112.811134
88.0316849
104.336983
157.396271
96.5091705
112.682823
105.032425
116.162384
118.094856
121.63324
96.5326462
102.451759
155.771393
159.088043
81.5851059
120.929222
150.37114
118.094856
137.646744
130.452621
108.450745
139.556931
124.712181
156.061752
109.17157
103.473221
101.295097
102.317619
80.6272202
90.4974594
88.1688538
97.7918701
85.6670532
144.255066
154.799759
99.8899536
151.30864
105.236
82.2870636
152.267715
111.884895
126.310608
80.5783691
93.1010056
78.1761017
101.014603
80.0493622
121.095924
80.9365921
145.262314
118.813904
NaN

banana_left_very close to_1.txt
90
90
27.5859833
30.8769188
28.3747368
78.41716
82.36129
79.4680786
82.784317
63.236145
33.4178085
52.72826
33.3516655
77.8964157
83.4162445
73.6927261
85.6710739
44.0901451
49.4960594
80.8305435
83.625618
52.8975563
42.2103844
93.5808945
96.1033936
91.2343445
44.6955833
61.8352318
55.0318298
81.584259
67.1397629
97.5516586
79.9843674
108.612198
75.1503143
69.7730713
60.2994041
114.046104
90.2274017
65.4528122
71.3080826
71.9984741
75.2611008
93.7689896
125.439758
85.9000931
116.989586
125.156044
81.1987686
89.7110519
83.8263016
138.613312
136.415253
136.849014
133.44136
141.063263
129.394928
127.420586
98.5148392
105.800507
119.015572
138.041489
126.008293
142.357834
103.005753
106.968193
133.831543
147.116928
145.579391
146.151627
94.9602356
93.8243179
131.635635
92.3074951
97.2950134
97.7471542
144.447388
119.831093
104.476677
143.679092
111.345428
110.591034
112.950951
147.441345
137.084366
146.074295
94.3594284
95.8017883
113.253807
96.5218506
95.2999268
96.674408
149.264252
112.233978
130.373184
135.633774
107.79287
94.4349289
147.034637
104.887276
126.829117
97.8673706
103.403969
106.826515
106.514175
134.182785
96.8354263
90.7569809
90.4368362
130.252884
133.795029
144.166595
140.348816
131.055374
97.8603058
107.039917
145.243103
140.386963
146.521561
93.3201828
93.6305466
97.3602142
95.6227417
103.967041
114.738708
119.988731
144.111481
143.403473
126.845367
130.815536
99.6380386
142.69873
122.736038
101.130554
121.592262
130.131958
107.267181
98.7352676
124.32592
125.971336
141.862473
125.220566
146.083878
119.69326
119.840073
119.937027
100.650673
100.269287
120.172668
108.649666
130.709503
129.173599
127.867889
95.2662506
106.361122
128.120041
130.846619
96.5397797
96.9165421
113.589233
NaN

banana_left_very close to_4.txt
90
90
27.3797588
28.4666767
29.0803642
29.7556038
29.9827576
30.3697605
30.4603424
30.7954617
30.8584328
31.4224567
31.9093666
32.8585052
33.6340866
34.6519203
35.653347
36.8889694
37.9559059
39.3094826
40.4553833
41.9156685
43.2402763
44.8058281
46.2074127
47.9873695
49.7239113
51.8150444
53.790329
56.1334686
58.4468384
60.9556465
63.2722168
65.9917831
68.7984161
72.0700912
75.1865921
78.5097275
81.6416473
84.7270966
87.9475632
90.9266739
95.8306198
93.0017548
96.0028915
92.467186
82.7393265
82.7502594
82.8100281
82.8245239
82.9009705
82.9189987
83.0120621
83.0336151
83.1431961
83.1682587
83.2942581
83.3227921
83.4650955
83.4970856
83.6555405
83.6909561
83.8654404
83.9042358
84.0945892
84.1367416
84.3427582
84.3882294
84.6097336
84.6584778
84.8952942
84.947258
85.1991501
85.2543106
85.5210571
85.5793457
85.8607254
85.9221039
86.217865
86.28228
86.5921555
86.6595459
86.9832993
87.053627
87.390976
87.4641571
87.814827
87.890831
88.2545319
88.3332672
88.7097321
88.7911453
89.1800613
89.2640991
89.6651611
89.7517471
90.1646576
90.2537308
90.6781693
90.7696762
91.2053299
91.2991714
91.7457352
91.8418655
92.2990036
92.3973541
92.8647385
92.9652328
93.4425507
93.5451126
94.0320053
94.1365891
94.6327438
94.7392578
95.2443314
95.3527222
95.8663788
95.9765472
96.4984589
96.6103439
97.1401749
97.2537003
97.7910919
97.9061966
98.4508057
98.5674057
99.1188965
99.2369385
99.7949524
99.9143372
100.478539
100.599197
101.169243
101.291107
101.866631
101.989624
102.57029
102.694336
103.279778
103.4048
103.994667
104.12059
104.714516
104.841278
105.438896
NaN

banana_left_very close to_5.txt
90
90
27.4204769
27.4204712
27.4204865
27.4204769
27.4204865
27.4204865
27.4204769
27.4204865
27.4204769
27.4204636
27.4204769
27.4204712
27.4204712
27.4204769
27.4204769
27.4204865
27.4204769
27.4204865
27.4204769
27.4204769
27.4204865
27.4204865
27.4204712
27.4204769
27.4204865
27.4204769
27.4204769
27.4204769
27.4204769
27.4204712
27.4204865
27.4204712
27.4204712
27.4204941
27.4204769
27.4204865
27.4204769
27.4204769
27.4204712
27.4204712
27.4204769
27.4204769
27.4204769
27.4204712
27.4204769
27.4204769
27.4204712
27.4204865
27.4204712
27.4204865
27.4204712
27.4204769
27.4204865
27.4204712
27.4204865
27.4204769
27.4204769
27.4204769
27.4204712
27.4204769
27.4204769
27.4204865
27.4204769
27.4204865
27.4204865
27.4204712
27.4204769
27.4204769
27.4204712
27.4204865
27.4204769
27.4204865
27.4204712
27.4204712
27.4204865
27.4204636
27.4204712
27.4204941
27.4204769
27.4204769
27.4204712
27.4204712
27.4204769
27.4204769
27.4204865
27.4204769
27.4204769
27.4204769
27.4204865
27.4204712
27.4204712
27.4204712
27.4204769
27.4204769
27.4204865
27.4204712
27.4204865
27.4204769
27.4204769
27.4204712
27.4204769
27.4204865
27.4204769
27.4204769
27.4204712
27.4204865
27.4204712
27.4204712
27.4204865
27.4204636
27.4204712
27.4204769
27.4204769
27.4204769
27.4204712
27.4204769
27.4204712
27.4204769
27.4204769
27.4204769
27.4204865
27.4204712
27.4204769
27.4204769
27.4204865
27.4204769
27.4204636
27.4204769
27.4204712
27.4204769
27.4204712
27.4204769
27.4204712
27.4204769
27.4204712
27.4204712
27.4204712
27.4204769
27.4204865
27.4204769
27.4204941
27.4204712
27.4204769
27.4204865
27.4204769
27.4204712
27.4204769
27.4204712
27.4204712
27.4204865
27.4204769
27.4204712
27.4204712
27.4204865
27.4204712
27.4204769
27.4204865
27.4204769
NaN

banana_left_very close to_6.txt
90
90
24.4813404
24.0530396
23.9375687
23.0904675
22.8149452
22.0871429
21.8609657
21.2113743
21.0083981
20.5894566
20.5375671
20.3226204
20.6181335
20.6519547
21.187973
21.4489594
21.8899193
22.0910931
22.6175652
21.8853111
22.3494873
22.7342491
25.1892338
26.2037849
27.723877
28.7536011
30.4071789
31.7987652
33.3947067
34.8263588
36.1441078
37.5612068
39.0723953
40.515377
42.251461
44.0514603
46.1480217
48.3162041
50.6810303
52.65979
54.8700066
56.9646149
59.2363663
61.4148636
63.8277206
66.1293564
68.6450195
70.6044769
73.0252075
74.52948
76.9189987
79.6007614
82.2929688
84.720871
87.0961456
88.8721619
91.3144073
93.4438705
94.8549423
93.9602051
94.2544479
94.4143753
94.7383728
94.9141235
95.0544052
95.0956879
95.2835159
95.1703339
95.2045593
94.8770599
94.8234253
94.3705673
94.5409622
94.4742355
94.7000122
94.7843094
95.2045975
95.3801804
95.851738
98.6944809
98.4615097
98.195076
97.3669586
97.2640381
97.3545914
97.2000809
97.3266449
97.3616638
97.6407547
97.7880478
98.2650986
97.8317795
97.9352722
97.8120422
97.7983475
97.5572433
97.5430984
97.4395676
97.8243484
97.8722076
98.0474701
97.8370819
98.1932526
98.3933411
98.4814072
98.634903
99.0274048
99.3626175
99.6918945
99.692543
99.8053284
99.6586075
99.5865555
99.3849258
99.5593491
99.5079269
99.948082
99.7713394
99.5882339
99.8035278
101.30864
101.466225
101.866135
102.054054
101.189415
101.106689
101.743919
101.796295
101.610451
101.40567
101.652344
101.613075
101.979927
102.20623
102.646347
102.616493
102.777878
102.359848
102.537727
102.350357
102.848137
102.729843
102.980896
102.924988
102.95269
102.998657
103.395271
103.597031
104.219383
104.490234
104.975792
105.020859
105.287521
105.773155
105.699036
105.405945
105.301308
105.188271
NaN

banana_right_distanced from_4.txt
90
90
1.22349346
0.708864093
0.972973168
1.83877277
2.95816898
4.31429529
4.22206354
4.56625938
4.33350086
5.15449667
5.39840746
6.23117876
6.7011857
7.49705839
7.58465195
7.61996555
8.41134453
11.0798302
12.0039845
12.9384937
13.6620607
15.0872374
15.9996414
17.4283123
18.3935814
19.9650841
21.5306683
23.7957172
25.6026325
27.3454552
28.2210178
28.8955364
29.5195484
30.4087677
31.1095181
31.0410137
30.6548004
30.3477116
30.4526272
30.9020233
31.5159073
32.9683685
34.2510376
35.996212
37.8158951
39.9938469
41.6908493
43.199028
44.4715767
46.050251
47.9153404
50.0854149
51.9624405
54.536499
56.8414268
58.370327
59.8160439
60.7135849
61.1182938
58.4348183
60.8161278
63.0553093
66.0383072
68.2606888
71.9314499
73.8443909
74.8080368
74.1805801
73.0939713
73.3787689
74.2993317
75.1011124
75.1149139
74.6428909
73.4755325
72.4957047
72.0317154
71.8990707
72.245224
72.9869156
72.9962082
73.2512817
73.3488464
73.0458984
72.5832977
72.0483704
72.2359161
73.0407257
73.9520874
74.7930756
74.4259872
74.7235565
75.127182
74.6222382
74.6680298
75.4488602
76.2731171
76.3568344
76.3669357
75.6405334
74.7779999
74.6171036
76.0180817
77.591362
76.7544022
76.1918411
76.8148804
78.3428955
78.8507843
78.9275665
79.0538025
78.7573395
77.8464737
76.7133713
76.8991165
78.0923004
76.5147934
75.0379257
75.0798264
75.8522339
76.5862961
76.6632538
76.734642
76.0011749
75.5006256
75.5074768
76.1825638
75.8923111
75.7962799
76.2023239
75.5872421
74.7379761
74.1658936
74.0357132
74.7711639
75.2844391
75.8097839
75.70298
75.7719421
75.7954712
75.3172302
74.9350204
75.2064438
75.1972198
76.4133377
77.1443634
77.937706
78.1367874
77.106308
76.1387253
76.0342407
77.1162567
78.1135178
77.2265015
75.7370453
72.0763779
70.1187668
67.0873184
NaN

banana_right_distanced from_5.txt
90
90
17.3469105
74.7463074
74.951973
26.3120651
62.0715027
69.5459747
61.4239998
27.1515598
61.0751953
24.0858383
63.4388847
72.3619232
70.4814148
80.1162109
71.0115509
81.305748
66.2730331
37.3823166
78.6519852
46.4361305
81.8527145
46.8356209
5.96367931
6.93910027
79.9424591
81.3247528
87.8552017
85.6070328
13.7527256
90.910553
82.5898666
29.6908436
18.2732944
25.9464664
94.0626907
69.281601
23.4468689
67.8227005
97.9750595
11.4925537
47.9934158
81.4687958
59.6882439
42.4592438
82.3428116
75.9516068
106.941422
53.156765
108.99839
108.813728
62.7121353
50.9376526
79.9554062
76.4271851
116.108543
99.0877838
32.3654251
106.849792
110.540794
78.9766541
103.525902
100.710968
42.2418861
43.7670784
54.5468102
129.525803
130.019745
129.083801
131.444824
126.192352
135.305725
134.208176
139.242416
137.7379
53.4016876
91.6111145
61.6398201
146.515884
140.225967
60.4677696
122.083626
94.5480347
86.4254761
65.5625916
82.2155304
70.1635056
111.062065
76.6221313
120.696915
75.7946091
91.3701935
142.971863
75.7756042
81.1168213
142.818222
122.086952
74.9144135
105.510239
157.406677
127.032997
100.670822
129.507813
81.0749969
70.9392471
127.818253
74.8096085
143.001434
69.9410172
70.5466843
159.54451
147.597198
69.7332916
118.800217
127.232903
159.518768
134.943405
148.711258
70.303093
144.365967
134.469238
151.466553
113.571953
153.829453
83.4795456
85.2288055
146.279312
87.8018112
110.24279
88.3793259
113.832756
124.319771
75.0016251
125.638077
134.073807
100.16851
79.211792
138.897568
121.669701
145.200119
143.595032
102.558083
77.7607956
94.0352707
90.7337112
70.914032
100.496941
115.049881
151.85141
99.7423782
69.8163528
92.7839355
72.0385895
137.788803
126.431732
103.790779
140.725525
73.294693
118.15786
157.036621
158.366058
69.4226837
74.8399582
128.677322
94.9611511
72.5003357
124.911514
136.361908
98.0088348
70.6063156
140.340439
127.75428
82.8583832
102.841728
158.160446
118.809219
140.822067
85.32164
70.601532
132.84668
85.2775497
87.826088
71.7179947
140.508057
75.6124191
74.8024673
70.9209061
136.034286
108.166138
NaN

banana_right_very close to_5.txt
90
90
45
45.0000038
45.0000038
44.9999924
45
45
45
45
45
44.9999924
45
45
45
45
45
45.0000038
45
44.9999924
45
45
44.9999924
44.9999924
45
45
45
45.0000038
44.9999924
45
45
45
45
44.9999886
45
45
44.9999924
45.0000038
45
45.0000038
45
45.0000038
45
44.9999924
45
45
45
45.0000038
45.0000038
45
44.9999924
44.9999924
45
45
45
45.0000038
44.9999924
44.9999924
45
45
45
45
45.0000038
45
45
45
45
45.0000114
45
45
44.9999924
45
45
45
45
45
45
45
45
45
45
45.0000038
45
45
44.9999886
45
44.9999924
45
45.0000153
45
45
45
45
45
45
45
45
45
45
45.0000038
45
45
45
45
45
44.9999924
45
45
45
45
45
45
45
45
45
45
45
45
44.9999924
45
45
45
45
45.0000038
44.9999924
45.0000038
45
45
45
45.0000038
45
45
45
45
45.0000038
45
45
45
45
45
45.0000038
45.0000038
45
45.0000038
45.0000038
45.0000038
45
44.9999886
44.9999924
45.0000038
45
45.0000038
45
45
45
45
45.0000114
45
45
45
NaN

