bleach_left_distanced from_4.txt
0
0
55.2488747
55.4288025
55.2762146
54.6181946
54.5221138
55.1215172
55.8790092
56.6262207
57.2028847
57.3583641
57.2880859
56.1107979
55.6092606
55.852211
56.9952431
58.2756653
60.0544395
60.835907
60.5330582
59.8552856
60.0134773
61.3094368
62.8151131
63.2493019
62.4477425
61.9770889
61.5252037
62.0517769
63.431797
65.1057205
66.6166153
67.4209213
67.907959
68.3420258
68.5196152
68.7313004
69.4211655
70.5734787
71.9327621
72.9808273
73.803215
74.5534286
75.3964233
76.2281189
77.0295563
77.7934341
78.5857391
79.3498077
80.0742264
80.6654129
81.3332901
81.929039
82.6155319
83.2017822
83.9623108
84.6277695
85.2802124
86.0648956
87.0110321
88.0738373
89.1816483
90.3782425
91.5191727
92.753418
93.9703827
95.2617798
96.4750671
97.8220062
99.0679626
100.364883
101.558868
102.705429
103.924431
105.233826
106.782707
108.302597
109.883896
111.340012
112.728127
113.954201
115.000404
116.048164
117.189133
118.947174
120.449844
122.386322
124.927834
126.732346
127.424614
126.223267
125.694183
125.291473
125.06321
125.174736
125.846535
126.434547
125.583519
125.149353
125.048088
125.017242
125.425156
125.715736
125.701286
125.555656
125.121239
124.308334
123.402901
122.738297
122.544212
123.044083
123.77475
124.135681
124.45166
124.225418
123.849525
123.082222
122.565735
122.19677
122.14817
122.353073
122.631279
122.826569
122.679459
122.132622
121.878609
121.614059
121.31707
120.991035
120.910851
120.476753
120.187263
119.542503
119.161491
118.379898
118.42495
119.172333
119.556755
120.878357
121.283508
121.832664
121.868584
121.750526
121.588066
121.395454
121.449959
121.437019
121.303864
121.166748
120.871384
120.734207
120.747978
121.018944
121.666313
122.08847
122.37735
121.875481
120.627068
119.774895
118.967209
119.07663
120.219101
121.535843
123.470505
124.35881
124.335236
123.132729
120.666603
118.155762
115.484634
115.628441
117.454308
116.125389
115.490097
116.701584
120.882988
122.514801
124.704391
124.985703
123.728073
122.631622
120.391266
119.507835
119.096497
119.538765
120.702995
121.809158
122.19043
121.89843
NaN

bleach_left_distanced from_5.txt
0
0
0
0
0
0
0
0
0
0
0
0
0
0
0
0
0
0
0
0
0
0
0
0
0
0
0
0
0
0
0
0
0
0
0
0
0
0
0
0
0
0
0
0
0
0
0
0
0
0
0
0
0
0
0
0
0
0
0
0
0
0
0
0
0
0
0
0
0
0
0
0
0
0
0
0
0
0
0
0
0
0
0
0
0
0
0
0
0
0
0
0
0
0
0
0
0
0
0
0
0
0
0
0
0
0
0
0
0
0
0
0
0
0
0
0
0
0
0
0
0
0
0
0
0
0
0
0
0
0
0
0
0
0
0
0
0
0
0
0
0
0
0
0
0
0
0
0
0
0
0
0
0
0
0
0
0
0
0
0
NaN

bleach_left_distanced from_6.txt
0
0
0
0
0
0
0
0
0
0
0
0
0
0
0
0
0
0
0
0
0
0
0
0
0
0
0
0
0
0
0
0
0
0
0
0
0
0
0
0
0
0
0
0
0
0
0
0
0
0
0
0
0
0
0
0
0
0
0
0
0
0
0
0
0
0
0
0
0
0
0
0
0
0
0
0
0
0
0
0
0
0
0
0
0
0
0
0
0
0
0
0
0
0
0
0
0
0
0
0
0
0
0
0
0
0
0
0
0
0
0
0
0
0
0
0
0
0
0
0
0
0
0
0
0
0
0
0
0
0
0
0
0
0
0
0
0
0
0
0
0
0
0
0
0
0
0
0
0
0
0
0
0
0
0
0
0
0
0
0
0
0
0
0
0
0
0
0
0
0
0
0
0
0
0
NaN

bleach_left_very close to_1.txt
0
0
0
0
0
0
0
0
0
0
0
0
0
0
0
0
0
0
0
0
0
0
0
0
0
0
0
0
0
0
0
0
0
0
0
0
0
0
0
0
0
0
0
0
0
0
0
0
0
0
0
0
0
0
0
0
0
0
0
0
0
0
0
0
0
0
0
0
0
0
0
0
0
0
0
0
0
0
0
0
0
0
0
0
0
0
0
0
0
0
0
0
0
0
0
0
0
0
0
0
0
0
0
0
0
0
0
0
0
0
0
0
0
0
0
0
0
0
0
0
0
0
0
0
0
0
0
0
0
0
0
0
0
0
0
0
0
0
0
0
0
0
0
0
0
0
0
0
0
0
0
0
0
0
0
0
0
0
0
0
0
0
0
0
0
0
0
0
0
0
0
0
0
0
0
0
0
0
0
0
0
0
0
0
0
0
0
0
0
0
NaN

bleach_left_very close to_4.txt
0
0
0
0
0
0
0
0
0
0
0
0
0
0
0
0
0
0
0
0
0
0
0
0
0
0
0
0
0
0
0
0
0
0
0
0
0
0
0
0
0
0
0
0
0
0
0
0
0
0
0
0
0
0
0
0
0
0
0
0
0
0
0
0
0
0
0
0
0
0
0
0
0
0
0
0
0
0
0
0
0
0
0
0
0
0
0
0
0
0
0
0
0
0
0
0
0
0
0
0
0
0
0
0
0
0
0
0
0
0
0
0
0
0
0
0
0
0
0
0
0
0
0
0
0
0
0
0
0
0
0
0
0
0
0
0
0
0
0
0
0
0
0
0
0
0
0
0
0
0
0
0
0
0
0
0
0
0
0
0
NaN

bleach_left_very close to_6.txt
0
0
0
0
0
0
0
0
0
0
0
0
0
0
0
0
0
0
0
0
0
0
0
0
0
0
0
0
0
0
0
0
0
0
0
0
0
0
0
0
0
0
0
0
0
0
0
0
0
0
0
0
0
0
0
0
0
0
0
0
0
0
0
0
0
0
0
0
0
0
0
0
0
0
0
0
0
0
0
0
0
0
0
0
0
0
0
0
0
0
0
0
0
0
0
0
0
0
0
0
0
0
0
0
0
0
0
0
0
0
0
0
0
0
0
0
0
0
0
0
0
0
0
0
0
0
0
0
0
0
0
0
0
0
0
0
0
0
0
0
0
0
0
0
0
NaN

bleach_right_distanced from_5.txt
0
0
0
0
0
0
0
0
0
0
0
0
0
0
0
0
0
0
0
0
0
0
0
0
0
0
0
0
0
0
0
0
0
0
0
0
0
0
0
0
0
0
0
0
0
0
0
0
0
0
0
0
0
0
0
0
0
0
0
0
0
0
0
0
0
0
0
0
0
0
0
0
0
0
0
0
0
0
0
0
0
0
0
0
0
0
0
0
0
0
0
0
0
0
0
0
0
0
0
0
0
0
0
0
0
0
0
0
0
0
0
0
0
0
0
0
0
0
0
0
0
0
0
0
0
0
0
0
0
0
0
0
0
0
0
0
0
0
0
0
0
0
0
0
0
0
0
0
0
0
0
0
0
0
0
0
0
0
0
0
0
0
0
0
0
0
0
0
0
0
0
0
0
0
0
0
0
0
0
0
0
0
0
0
0
0
0
0
0
0
NaN

bleach_right_very close to_5.txt
0
0
0
0
0
0
0
0
0
0
0
0
0
0
0
0
0
0
0
0
0
0
0
0
0
0
0
0
0
0
0
0
0
0
0
0
0
0
0
0
0
0
0
0
0
0
0
0
0
0
0
0
0
0
0
0
0
0
0
0
0
0
0
0
0
0
0
0
0
0
0
0
0
0
0
0
0
0
0
0
0
0
0
0
0
0
0
0
0
0
0
0
0
0
0
0
0
0
0
0
0
0
0
0
0
0
0
0
0
0
0
0
0
0
0
0
0
0
0
0
0
0
0
0
0
0
0
0
0
0
0
0
0
0
0
0
0
0
0
0
0
0
0
0
0
0
0
0
0
0
0
0
0
0
0
0
0
0
0
0
0
0
0
0
0
0
0
0
0
0
0
0
0
0
0
0
0
0
0
0
0
0
0
0
0
0
0
0
0
0
NaN

