hammer_left_distanced from_4.txt
128.305649
128.305649
39.5084496
37.7815514
34.3415413
32.5608673
43.2534828
29.5174961
36.7167053
21.5284061
49.1207504
32.6037598
50.6964378
47.9258652
52.9319534
53.7731438
30.2390442
53.6125908
27.1736507
12.6570206
53.8277817
46.7937164
64.2565842
59.4461479
19.6720181
39.9226036
44.916069
67.0905457
60.0808792
44.0860062
26.2150288
25.2829838
33.98452
64.8378296
29.8427734
53.5242157
41.8585205
79.9193649
87.0460968
43.7814445
82.9580765
50.0734177
83.3605804
83.9724579
83.7939987
103.50177
84.8291168
94.5999908
51.0347786
71.0929642
52.5816727
101.533836
79.5785294
68.3587036
97.9728394
55.7208061
91.5353851
56.2972107
54.9393349
95.9552002
97.7114029
99.6554565
96.8364563
102.728416
102.174324
85.214798
67.0282364
64.4871063
49.8702812
49.7009468
98.87397
91.4504471
101.608849
91.3831406
102.783615
102.576187
101.455223
72.6929092
99.8418655
55.309063
96.5769424
51.305233
93.5413132
52.8067551
63.9789963
75.1767654
49.9667969
54.5819397
55.0067215
50.5118294
55.4321289
102.962585
90.8715134
51.4533005
54.3349724
86.2464218
72.7649307
101.497826
79.5428467
97.9370499
101.594162
63.8651314
79.8934174
62.1015282
52.3712616
63.214344
68.3219299
102.278427
89.8676071
84.6679001
97.0981445
84.7471542
78.7970581
49.8993149
54.3748169
83.8091202
50.1954308
102.243271
94.2857819
69.2425995
98.5511856
52.315937
98.5739746
94.5641785
64.3588257
91.8036499
62.5301018
62.8199844
61.348896
53.816864
87.913765
56.5773354
50.1332207
50.9417534
50.9144897
77.1154785
54.4979553
92.4044571
100.377312
101.971893
72.3237991
78.4197693
97.5292358
52.9151764
78.8954773
NaN

hammer_left_distanced from_6.txt
89.9403229
89.9403229
179.20697
178.886719
178.439407
177.741196
177.402725
177.53685
177.739822
178.733444
178.739166
178.68985
179.293076
179.149353
178.698837
178.668076
178.48613
178.393555
178.639435
178.653458
178.494934
178.222717
177.00264
175.335693
173.519623
173.180725
175.299591
177.200745
176.399246
176.242554
177.341629
176.676636
171.357391
164.359116
151.714554
145.275345
141.114685
140.73999
142.038239
143.532639
144.015564
144.972443
146.591385
147.906479
148.909866
150.212097
153.071426
155.641144
157.733124
159.04747
160.037979
161.576462
162.768021
160.151764
159.096771
155.312225
154.968491
155.275665
155.798889
157.157867
158.298965
158.061844
156.987595
155.824829
155.647903
156.167847
157.04924
157.100998
156.755554
156.638519
154.378937
152.655914
151.833618
150.5784
149.614227
148.135712
146.962799
146.98996
147.199951
149.11322
150.05574
151.452118
152.171371
151.956604
151.62381
151.219742
151.037857
151.431107
151.630646
151.15976
150.827469
151.73999
151.852982
151.706909
151.811508
151.428772
151.131622
150.887619
150.562424
150.173721
149.298859
150.014206
154.310623
156.973358
161.833267
164.961746
168.328598
169.935532
171.425537
171.38031
171.590469
171.603638
171.673035
171.618607
171.862823
171.654404
172.004868
172.106171
172.208908
171.808426
171.987015
172.120697
171.774445
171.496582
170.724045
170.44429
170.033951
169.784607
169.482819
169.087006
169.206345
169.772278
169.676117
169.443848
170.0271
170.200974
170.316147
170.153702
170.292084
170.29155
170.069305
169.785385
169.727478
169.532516
169.627258
169.904785
169.939957
170.217407
170.376389
170.505661
170.539032
170.969864
170.524582
168.945633
167.928528
167.049667
167.492752
167.521469
167.561447
167.899368
168.141266
168.284836
168.164978
168.948639
169.884842
171.081757
171.015869
170.256653
170.211411
169.925491
169.798676
169.792053
169.840317
169.681854
169.932892
NaN

hammer_left_very close to_1.txt
110.261482
110.261482
12.7670383
13.0081511
13.3093519
12.211462
13.0498085
12.974349
13.4980717
14.3554258
13.414773
14.4823952
14.9097757
15.1317701
13.9982634
15.6890707
16.0503502
15.2188654
16.1423988
16.1623726
16.6694527
17.6364632
17.4625778
17.934866
17.1076164
18.218441
17.8967991
18.3079853
17.7124138
18.5951748
17.5971947
19.5611897
19.5562019
20.2679272
20.3432903
21.7746067
21.7741013
22.2910633
21.5480347
23.1656837
21.6014843
21.2788277
22.0710335
21.7060394
21.7023621
21.8349209
22.0140781
23.6013603
23.3028946
24.1095181
25.8518524
26.3636837
25.3819637
25.7603111
25.0209007
25.2365189
26.9431496
27.0339508
26.6098595
26.8672581
28.2781563
29.8835678
29.1863689
30.1994629
30.8824749
30.6233521
30.3197632
31.6568241
30.9974995
30.834589
29.6570549
30.4632587
31.1106758
30.5207081
32.0780411
33.0002594
33.7526283
35.2934914
35.4054222
35.5600586
37.0725136
37.3296089
36.5767784
36.0399017
35.6870613
34.5253448
34.4361343
34.3811874
34.9868507
33.999855
33.3596115
35.30093
33.9351158
34.4058418
36.2636642
36.1179123
35.1200294
33.5014267
32.8368073
33.7011147
33.7631798
34.6013374
32.8949509
33.9283524
35.1588135
37.4637413
36.5540543
35.1818314
36.5747261
36.8639297
34.5283775
33.44841
34.0511284
33.8492699
30.2605534
32.6761093
32.3749657
31.9635201
32.4816322
35.6849136
35.0238266
36.0470467
36.4016571
37.8117523
37.2378082
36.7143898
35.1816559
33.6145592
35.0185471
34.7293282
34.3150711
31.9269924
33.5404053
33.8028183
34.4195061
34.5933266
34.3460808
33.8775597
34.6271858
35.1768723
35.3228073
34.9760399
34.7408638
34.8479271
34.1882629
34.6147194
37.0400391
37.1617355
35.9246864
36.0425873
36.6970177
36.6448936
35.257122
34.9103622
35.7061768
36.1569405
34.416893
31.2901154
31.9263878
32.7719765
34.5774422
35.4966393
35.5192032
34.357666
35.7051506
37.4551048
37.0868607
37.1911278
37.2978745
37.938076
36.5772171
33.7549438
34.5265846
34.0349236
34.5422211
35.9289398
34.4770775
33.019165
34.8166466
33.8947906
33.7481384
34.7893257
36.9616585
34.3148308
32.9575043
32.2800636
34.055027
34.8871536
34.2426796
34.0474586
33.5551682
36.0165024
37.133976
37.9832954
35.3564911
35.8723984
36.3071976
36.0365524
33.2180977
31.8283062
32.0868988
32.698925
32.1082916
33.2677612
32.428978
NaN

hammer_left_very close to_4.txt
120.594833
120.594833
69.6998291
69.2956543
68.8458099
68.4024429
67.9899902
67.6173325
67.2454605
66.919136
66.6443863
66.426796
66.2781448
66.1718445
66.0337143
65.8637543
65.6170959
65.3042145
64.9731216
64.5480881
64.1212921
63.6901131
63.3561935
63.283596
63.2631378
63.2209206
63.0961876
62.9699745
62.6096611
62.199192
61.7406273
61.0986862
60.5407944
60.1704903
59.811409
59.3111496
58.9505577
58.8370323
58.547863
58.4087334
58.2134018
57.8697433
57.4656143
57.1587181
56.8012199
56.0312958
55.1711578
54.2686806
53.0729942
51.9008369
51.2008896
50.5784683
49.9086533
49.4323425
49.1770859
48.9511528
48.8582687
49.0627403
50.0657463
49.5780487
48.5681877
47.7839546
46.7327957
45.6044807
44.2424431
43.373848
42.8080788
42.4637299
42.2910995
41.9914017
41.7163353
41.3952141
41.8084106
42.005722
42.9714813
43.5015144
43.7424355
43.4897957
42.8179283
42.08041
41.357708
41.0494728
40.9242363
40.3742065
41.0948219
41.1122017
38.5356598
35.5902328
32.7693634
29.9549046
26.2793846
23.9619236
22.1715908
20.498251
18.8806591
18.172945
19.2037201
20.9544544
22.4400024
22.827589
21.5420933
20.3639088
20.7869186
21.4952793
21.4596958
20.9350986
20.2126961
19.7866459
19.7030563
19.870039
20.1485195
21.16745
22.0696526
23.2005825
24.5850525
27.1783466
26.9607201
26.1890793
25.6590424
25.4393787
25.2773209
25.4050102
25.1130409
24.6481094
25.5073223
26.302454
27.2952232
28.2839375
29.7407379
29.6993561
29.6786652
29.9758358
29.1511459
28.6943874
28.2221165
27.6158657
27.4604664
27.2659397
26.5303001
26.0144234
25.5259209
26.1680698
27.5609207
29.3935375
31.8472881
31.3987141
31.2385845
31.1691074
30.0192661
30.4212189
30.8089752
29.9021378
30.765707
31.4616642
30.7385292
31.732666
31.4215202
29.3271313
27.6346474
27.145031
25.5080757
24.0131226
22.308569
19.6916676
18.6970329
18.8056278
21.5160542
27.7611008
28.0761375
27.4699078
26.3368607
25.1507225
22.5948925
20.3981724
21.4266834
22.2687073
23.36866
26.8770657
28.2845364
28.8553905
29.7392426
32.2179909
33.9586983
35.5793266
37.1418457
38.1268768
38.0304527
37.340168
36.2204628
34.269352
NaN

hammer_left_very close to_6.txt
90.0342636
90.0342636
134.994507
135.122818
135.034607
135.081497
135.18454
135.483749
135.849884
136.048019
136.121353
136.256073
136.129074
135.892838
135.647766
135.406784
135.569641
135.915405
136.545959
137.285873
137.540482
136.757294
136.333588
135.459824
135.372604
135.579147
135.605728
135.655167
135.71669
136.399734
136.86908
137.729279
138.044937
137.7612
137.671478
137.350174
137.09256
136.53476
136.295135
136.125641
136.023331
136.054337
135.978317
135.831787
135.791626
135.620651
135.453079
135.236725
134.642227
134.52002
134.456711
134.272324
134.10199
133.915619
133.690277
133.874084
134.097946
134.619324
135.011566
135.047592
135.152084
135.086365
134.764084
134.555145
134.296768
134.116714
134.090897
134.09108
133.948624
133.88382
134.3974
134.916351
135.549683
135.933228
136.33107
136.605347
136.598007
136.74353
136.865448
136.799332
136.016235
135.308151
134.387131
134.180878
134.654648
135.847061
136.24324
138.816544
139.65181
136.965118
132.715378
127.302177
124.714996
123.380402
123.41069
123.570885
123.165047
123.642807
124.051605
125.165459
126.187843
128.051025
129.216354
129.630432
128.492462
128.503433
129.035812
132.927307
134.741272
137.103867
137.330765
136.432571
134.078674
133.124863
133.061462
135.948227
136.73494
138.960281
139.95253
141.088516
141.176285
141.984726
140.893738
140.596024
138.745712
138.80928
137.210556
137.805679
138.358337
139.324905
139.548294
140.251053
138.614517
139.18045
137.548645
137.327591
135.325714
133.877701
129.769272
127.840096
125.749084
125.751801
126.236458
127.336861
126.728851
126.676201
125.831512
125.356209
125.088989
124.380447
123.785759
123.240631
123.232117
123.189583
122.160889
122.32959
127.557457
129.271133
133.027283
133.52684
NaN

hammer_right_distanced from_4.txt
94.0067368
94.0067368
0.79302907
0.490986288
0.236562565
0.8849231
1.60973275
2.2670176
3.01804757
3.48340845
4.08226299
5.48179913
5.38725185
5.19761324
4.41219711
4.12881899
3.58430195
3.34304595
3.24751186
3.32166052
3.91421628
4.28377199
4.84322786
4.90144873
5.23146915
5.34716415
5.15677691
4.28665113
4.01419926
4.16320705
4.4778533
4.49474955
4.5372982
5.4811554
6.32895947
7.31791353
8.14803696
8.92557049
9.32432461
9.8687849
9.935709
9.58812618
9.7892437
9.0189867
8.64263344
8.39938354
8.30080223
8.63542652
8.97898769
9.64536572
10.1900311
11.028801
11.5441189
12.1811523
12.0313911
12.2120752
11.843152
10.9554758
10.2985067
9.33845711
8.81003952
8.46770191
8.27471733
8.40298271
8.64910889
9.03770256
8.81668282
7.61579227
7.42158699
7.97631741
7.42005301
6.95990276
6.77184343
6.57548523
6.35483646
6.15912008
6.74540758
7.18313169
7.76634789
8.17829323
8.11212826
8.25537872
8.11633778
7.87319994
7.33866262
6.86681414
6.10958481
5.66652203
5.48558712
5.54277086
5.67630243
5.90196037
6.53056812
7.43136311
8.11645889
8.48012447
8.40398788
8.56224346
8.76802063
8.6895504
8.25376129
7.93459177
7.44394684
7.20317745
7.12876749
7.12664795
7.4316268
7.76801538
8.6805048
8.78854084
8.78328705
8.66100025
8.2987442
7.73946238
7.55450201
7.21618462
7.20361376
7.1813283
7.08936214
7.51650715
7.99006319
8.93148994
9.43673515
9.95605564
8.11938477
7.73205423
7.33721876
6.3675971
5.46640539
4.1032691
2.30299306
1.10765171
0.788575113
5.73476839
9.23312092
10.2755575
9.37934494
12.1373587
11.3874369
10.9349346
10.7844315
7.47186232
8.15682697
7.68482447
5.77220726
1.69719791
1.84121907
2.22034883
4.22085762
4.8584938
6.16074371
6.90228415
7.56057739
7.81871223
9.91097736
9.63182163
8.98550701
8.26248741
8.04844761
7.96565342
7.97193575
7.82232618
8.17754936
8.62794018
9.23563194
9.60967064
9.93972683
10.2923155
10.3561516
10.2259121
9.47442341
9.03770256
8.39650726
7.98812151
7.66495514
NaN

hammer_right_distanced from_5.txt
107.06797
107.06797
26.233099
26.2932358
26.1730251
26.1070061
26.5355072
26.7794743
27.2451859
27.574543
27.9523125
28.2918072
28.1345139
27.908762
27.9872284
28.0295658
29.4653988
31.1832504
33.3440857
34.6035194
35.563694
35.9017448
36.1428413
37.1350708
37.8688011
38.442646
38.7244339
38.8851471
38.9014015
38.740818
38.4230766
38.1644554
37.5515938
37.2168617
37.4461746
37.6424179
37.1407204
36.078476
35.9615593
36.323967
36.7194824
37.3895226
37.8169327
38.4567986
38.8885994
39.9431915
40.7030869
41.552803
42.3008766
43.8966942
44.8995476
46.2312698
46.7545967
47.6461067
48.4294281
49.6369286
50.042881
51.7503738
52.9383163
54.6063728
55.8546867
56.3434868
55.9173813
55.669323
55.7918816
56.0556412
55.974369
56.6255455
56.0520668
55.8763695
55.9726486
56.0417786
55.1977348
55.1939926
54.634697
54.40662
53.8458443
53.7747688
53.6887779
53.9329872
54.1925278
54.5955048
54.0825577
53.6014862
53.1898651
53.3931923
52.9227943
52.4756737
51.7055397
51.9605675
51.9845734
51.8330841
52.4913635
52.4270744
52.2130623
52.7319756
52.5034332
52.4149399
51.620182
51.5940552
51.9583817
51.9467888
51.1258087
50.8313408
50.4496346
50.3106079
50.152626
50.8496323
50.9185333
51.2054596
51.0429306
51.1976814
50.486763
49.9870491
49.7602539
49.6277199
48.788868
48.6462631
48.5519333
48.2453041
48.3638306
48.6470299
48.244503
48.5423012
48.5818405
48.4727974
48.1886024
48.655529
48.0489311
47.8253708
47.4642601
47.9999199
47.5822411
47.6463203
47.122345
47.959816
47.8945999
47.7837791
47.2274017
46.8125687
46.023365
45.5958138
44.487381
44.1514587
41.9086418
41.665966
41.6004372
42.0103416
42.0141144
42.5937424
43.9530678
45.2050629
46.6690979
47.5292702
47.3276215
46.9874954
46.3759422
45.8086128
43.284729
41.6635208
NaN

hammer_right_very close to_4.txt
110.884209
110.884209
157.740051
157.608551
157.571686
157.57045
157.595322
157.675308
157.746353
157.592819
157.350922
156.993408
156.580688
155.94989
155.048569
154.286118
154.037155
153.703003
152.705566
151.1026
149.607925
148.599014
147.488617
146.03363
144.976929
143.945389
142.075073
140.111755
139.228592
138.387115
137.084488
135.027802
131.82663
129.485443
128.218109
126.322586
124.042984
121.554871
119.387131
118.387749
116.701393
113.03006
109.439911
107.841637
105.423439
106.728706
110.862404
112.884438
113.194504
114.10183
114.838379
111.209579
109.242638
108.650528
108.070557
107.851479
107.000206
105.858009
108.688301
112.043983
112.244797
110.65036
108.350548
106.47506
107.425972
106.421021
105.208321
105.224213
105.093529
103.151451
102.847893
107.525917
112.09787
112.344353
109.67363
106.720444
107.337616
106.514938
105.569298
104.119339
104.331932
106.2854
107.415421
106.469597
106.263809
107.710709
107.364563
104.881973
105.89212
105.945457
105.071518
107.736404
108.345421
106.87207
106.763481
107.576393
106.345062
104.280792
103.899361
104.557251
105.988708
106.798332
106.362007
107.692276
112.285873
113.101509
107.795029
104.168701
103.44442
105.01767
105.22628
104.754486
106.209557
107.483864
106.170647
107.292244
110.673248
112.080383
112.233887
109.090477
106.357635
107.272293
107.920174
108.008118
108.543472
109.098312
110.881248
114.172981
113.483109
112.774597
112.618675
110.784912
111.960854
110.255989
111.32943
113.224976
113.256416
114.666832
113.701103
109.915833
108.88324
108.51413
108.056786
107.454575
106.591003
NaN

hammer_right_very close to_5.txt
116.002281
116.002281
65.4586563
64.37117
63.2164268
62.0606575
60.8782501
59.6112671
58.311348
57.1043854
56.0813293
55.0716553
54.2833252
53.453186
52.6656685
52.244957
51.8220863
51.7318916
51.5955353
51.2046814
51.1058006
50.4966278
51.2625732
52.3377914
54.2926826
55.3215828
54.1127472
53.2522812
52.9302826
51.9569244
51.3369255
53.1046295
52.4034157
52.7733574
54.3151131
54.4205017
56.1256752
60.8010826
57.0858803
58.2093735
61.0755882
62.3282928
61.9740105
62.3579407
62.7920532
78.8491898
81.4025803
99.8070602
111.07872
117.59063
117.950645
121.845825
124.159851
127.624466
127.563988
121.593964
116.884727
112.575798
104.12384
90.0582504
84.3398209
76.4341431
72.1119156
70.2698898
65.6674652
65.5247421
63.3580437
61.3215218
61.2587166
57.7266502
50.2697487
48.2203712
47.5851555
47.9086037
46.5342636
46.3499947
46.2133522
47.6200218
46.9302216
46.241066
46.3235664
46.4331245
46.7884598
46.3612404
47.8182068
50.1296234
57.2196388
58.8970757
60.3877869
63.2753181
65.920929
68.3486023
74.3829269
76.9728622
83.8805542
90.6376648
99.6066666
110.551056
114.815041
118.935844
123.831863
126.783943
125.676163
121.31546
118.900879
117.145164
117.106888
103.138031
91.2653198
84.2948151
75.410408
66.5714722
66.6585999
64.1299057
63.9628181
60.2783051
56.1657639
59.4663048
60.1802101
54.2232361
54.6775208
52.847168
51.2991028
53.041626
52.3413887
51.1216583
52.058342
52.2249069
51.9873962
52.3142891
NaN

