mug_left_distanced from_4.txt
52.8090591
52.8090591
60.526474
60.6094742
60.6721191
60.7149506
60.7364883
60.7669563
60.7784271
60.7840042
60.7847443
60.7849617
60.7899055
60.8036842
60.8344536
60.8904076
60.975502
61.0988312
61.2511902
61.4206009
61.6019402
61.7894096
61.9763374
62.1617775
62.3421822
62.5224457
62.7044029
62.8911819
63.0738335
63.2763824
63.4967575
63.7074356
63.9157486
64.1360321
64.3646317
64.6009445
64.8387222
65.0728149
65.3308029
65.6064224
65.8927231
66.1658325
66.4337845
66.7125931
67.0032501
67.2892303
67.5583649
67.8492661
68.1486359
68.4264374
68.6986694
69.0446243
69.3519211
69.6732407
70.0430527
70.4044266
70.7364807
71.0804443
71.4254303
71.7535858
72.0909424
72.4195709
72.7535477
73.1191788
73.4823761
73.8405304
74.188385
74.5126648
74.9446106
75.3882523
75.7488403
76.0907364
76.5300446
76.9756622
77.3934174
77.8357849
78.2852402
78.7346115
79.1908951
79.5638123
80.0305023
80.6615753
81.4095001
81.7713318
81.5936966
81.7127457
82.3040161
82.4637299
82.5630798
82.5618668
81.903801
80.8194199
80.5454712
80.3789825
80.3039627
80.4618073
80.7428284
80.7246552
80.5844421
80.630127
80.8113022
80.7934799
80.7613525
80.8318253
80.7999496
80.7933044
80.8228149
80.698082
80.7173462
80.8076096
80.8110428
80.6805725
80.3649902
80.3838806
80.5375977
80.5563889
80.6382904
80.8160324
80.8383102
80.741539
80.5106277
80.655304
80.7620621
80.7532959
80.6175385
80.4502411
80.7016525
80.8339844
80.8057175
80.8383179
80.8167953
80.8352966
80.8225021
80.7884521
80.6692429
80.6631622
80.6419907
80.2621307
80.437088
80.5200882
80.451355
80.6251373
80.8094101
80.8274612
80.7903519
80.838028
80.7630157
80.765892
80.8377457
80.7269669
80.7114639
80.8015976
80.7966919
80.6885986
80.3562164
80.4278793
80.7905197
80.8085785
80.5937805
80.5906219
80.6734238
80.6437607
80.5797119
80.6896591
80.8255692
80.8233185
80.6229553
80.4815216
80.6989822
80.8259583
80.8383102
80.8005142
80.7429276
80.8213959
80.8378143
80.7769089
80.7590179
80.8195572
80.8146515
80.5404205
80.3178329
80.2703476
80.3920059
80.7200699
80.7944489
80.7071915
80.6922455
80.8119965
80.8331985
80.7618484
NaN

mug_left_distanced from_5.txt
53.2746239
53.2746239
70.7815857
71.2329102
71.6012878
71.9022293
72.1482315
72.372139
72.5864944
72.8279724
73.1269226
73.5276566
74.0498352
74.6784515
75.3764801
76.1094437
76.8506165
77.5847168
78.302536
79.0539474
79.8808365
80.7577057
81.6920013
82.7076035
83.7332993
84.7533493
85.8071518
86.8233719
87.818161
88.6393433
88.8166962
88.2817535
87.2682495
86.2061234
85.1029053
84.0042953
82.899086
81.8246307
80.7594452
79.7037582
78.6587372
77.5536194
76.4608383
75.4269485
74.4993134
73.6496048
72.8581543
72.1319809
71.4992905
70.9444962
70.3088837
69.7385712
69.1370392
68.5413666
68.0980453
67.3281097
67.2702713
67.7216339
67.2003708
67.8278503
69.2963409
71.0792618
71.3421173
71.3711472
71.3639755
71.3554688
71.1787109
71.0304871
70.8354645
70.6248093
70.3848648
70.2487183
70.1816483
70.1914749
70.2906494
70.5369186
70.7087326
71.0169601
71.1693039
71.2645493
71.2762451
71.138382
71.0079346
70.8991241
70.8406448
70.7731323
70.7012329
70.8013611
70.9551239
71.147583
71.265831
71.2558289
71.193573
71.0452271
70.8515396
70.6496201
70.5173569
70.2643356
70.1833572
70.1180267
70.1566696
70.2984009
70.4576263
70.6932907
70.944603
71.1723862
71.2498322
71.2785568
71.239212
71.0777664
70.8920059
70.8067932
70.5896072
70.430336
70.2656021
70.1762161
70.1075592
70.1314163
70.3628387
70.5806198
70.9649658
71.1712799
70.7686539
70.1896591
69.5289078
69.8236008
70.7421188
71.2496643
71.2662582
71.0647659
70.7802505
70.6753311
70.6920471
71.0637283
70.8600235
71.0016556
71.3471451
71.428688
71.4965973
71.2367859
70.0486145
68.7650757
68.5570221
69.4849396
70.0819778
70.5420303
70.6562119
70.9221802
71.0842972
71.2030029
71.2579575
71.2674179
71.1906891
70.958252
70.825737
70.6086044
70.3829117
70.1891174
70.1439362
70.1572266
NaN

mug_left_very close to_1.txt
51.5986099
51.5986099
60.5006409
60.4954567
60.4549217
60.3840637
60.2936401
60.1842613
60.0600586
59.9147415
59.7543602
59.5987434
59.4404678
59.3182945
59.245224
59.2621918
59.3438873
59.4514275
59.5601578
59.6357841
59.6469994
59.665844
59.5842552
59.4812965
59.2676544
59.2489204
59.2175293
59.36063
59.4889488
59.6464386
59.725708
59.8586922
60.1209717
60.4673996
61.0016975
61.4850616
61.8781967
62.2778893
62.5775375
62.931057
63.2975616
63.6879768
64.0621109
64.5555573
65.2244263
65.8714142
66.3351364
66.7294998
67.1401138
67.7515945
68.6374741
68.9773941
69.8459244
71.4728165
73.0136795
74.0108948
74.4504242
74.6634445
75.3349762
75.6249619
75.7488937
73.6362381
72.8592453
72.6970291
73.4571915
73.6524506
73.0798035
72.2828217
72.2729492
72.4352188
72.6123199
73.3950424
74.0973282
74.2754745
73.6502075
73.0559616
73.4715576
73.8050613
73.4957123
72.9852295
73.1873016
73.2459106
73.8546677
74.7047348
75.0012436
74.7780533
74.8300476
75.2807617
75.2527847
75.2135315
75.4172897
75.4554291
75.5719757
75.2914658
74.7234116
74.4376144
74.6147385
74.9009018
75.3352814
75.6395264
76.3510666
76.5700989
76.3720703
76.1429443
75.5022583
75.0600586
74.4053574
74.3432312
74.8557968
75.0671997
75.16996
74.5223999
74.0541687
74.5490723
76.3066483
77.5737076
79.0996704
80.3857727
82.4783707
83.6562653
83.7400589
83.8102417
83.6125641
83.645256
84.0998917
84.3993301
84.317215
83.8665771
83.9263992
83.826767
83.4833298
82.9911194
82.7354202
83.0166626
83.3781815
83.6824112
83.518486
83.2819901
83.100853
81.3103027
80.0524445
77.4219742
75.8731079
74.023201
73.7736511
73.5861969
73.2720642
72.4107208
71.7055435
70.3941727
69.9417953
70.0990524
70.4943466
71.1985245
71.7916489
71.8688202
71.9498138
71.911293
72.1131592
72.2291031
NaN

mug_left_very close to_4.txt
55.1933098
55.1933098
107.260887
106.904785
106.575798
106.269745
105.98317
105.712708
105.452606
105.196365
104.937729
104.66539
104.359436
104.000107
103.576996
103.105392
102.604836
102.094032
101.590446
101.100784
100.621216
100.147591
99.6758423
99.2020416
98.7224121
98.2349701
97.7406845
97.2407455
96.7363434
96.2286377
95.7188339
95.2085571
94.6995087
94.1932755
93.6912842
93.1932755
92.6980515
92.2043304
91.7108154
91.2161179
90.7188263
90.2178345
89.7143097
89.2102356
88.7073288
88.2069626
87.7084198
87.2095032
86.7082214
86.2028046
85.6919327
85.1769409
84.6603394
84.144516
83.6315536
83.1226196
82.6186829
82.1209869
81.6294708
81.1419983
80.6557236
80.1674118
79.6742706
79.1743622
78.6715698
78.1750488
77.658844
77.1150055
76.8710327
76.5684509
76.0999222
75.5891418
75.2195663
74.7842331
74.5997314
74.748497
75.1836014
75.1836014
75.1836014
75.1836014
75.1836014
75.1836014
75.1836014
75.1836014
75.1836014
75.1836014
75.1836014
75.1836014
75.1836014
75.1836014
75.1836014
75.1836014
75.1836014
75.1836014
75.1836014
75.1836014
75.1836014
75.1836014
75.1836014
75.1836014
75.1836014
75.1836014
75.1836014
75.1836014
75.1836014
75.1836014
75.1836014
75.1836014
75.1836014
75.1836014
75.1836014
75.1836014
75.1836014
75.1836014
75.1836014
75.1836014
75.1836014
75.1836014
75.1836014
75.1836014
75.1836014
75.1836014
75.1836014
75.1836014
75.1836014
75.1836014
75.1836014
75.1836014
75.1836014
75.1836014
75.1836014
75.1836014
75.1836014
75.1836014
75.1836014
75.1836014
75.1836014
75.1836014
75.1836014
75.1836014
75.1836014
75.1836014
75.1836014
75.1836014
75.1836014
75.1836014
75.1836014
75.1836014
75.1836014
75.1836014
75.1836014
75.1836014
75.1836014
75.1836014
75.1836014
75.1836014
75.1836014
75.1836014
75.1836014
75.1836014
75.1836014
75.1836014
75.1836014
75.1836014
75.1836014
75.1836014
75.1836014
75.1836014
75.1836014
75.1836014
75.1836014
75.1836014
75.1836014
75.1836014
75.1836014
NaN

mug_left_very close to_5.txt
51.9210243
51.9210243
68.434906
68.5661545
68.6855316
68.7940216
68.8924713
68.9821167
69.0636215
69.1388474
69.207695
69.2692566
69.33461
69.4011307
69.4547043
69.5346375
69.6228027
69.7296677
69.8603745
70.058754
70.2776413
70.538475
70.8449326
71.1725082
71.5162582
71.8693466
72.2235718
72.574852
72.9258728
73.2787857
73.6346283
73.9993744
74.3738861
74.7626419
75.1673737
75.5846329
76.0108643
76.4519577
76.9062881
77.3779755
77.866478
78.3789673
78.8972931
79.4242096
79.96064
80.5042648
81.0549469
81.6109772
82.1747284
82.7405701
83.3140564
83.8962631
84.4869995
85.0920105
85.7084122
86.3343201
86.9644394
87.5600357
88.1397095
88.8364105
89.3526688
89.6240005
89.0715103
88.3856735
87.698349
86.9784393
86.2530746
85.5019684
84.7783585
84.0424271
83.2910156
82.5286331
81.7659225
80.9969025
80.2431564
79.5013275
78.7617645
78.021553
77.2646103
76.4934769
75.7084503
74.9228821
74.0909042
73.3313828
72.950676
72.2614365
71.4038239
70.6641235
69.8969803
69.3805084
69.4452896
70.0470734
70.0565262
70.0555191
70.0546341
70.053566
70.0540543
70.0568161
70.0550003
70.0497894
70.0361328
70.0182953
70.0155258
70.0199509
70.03508
70.0467377
70.0567017
70.0556335
70.0448914
70.0442276
70.0467682
70.0503159
70.0560303
70.0570755
70.0570908
70.0554581
70.0474625
69.9188461
69.9520035
70.0402908
70.0433807
70.053894
70.0569382
70.0547638
70.0526733
70.0518265
70.053566
70.0570297
70.0557404
70.0570984
70.0568542
70.0566635
70.0567169
70.0565796
70.0530624
70.0296097
70.0289001
70.0290451
70.028595
70.0299454
70.0409775
70.0534592
70.0567551
70.0557022
70.0526505
70.0427551
70.0441055
70.0519943
70.056366
70.0543365
70.0393829
70.0226974
70.0102081
70.0092316
69.9927826
70.0074387
70.0190125
70.0409164
70.0283203
70.0401382
70.0481262
70.0477676
70.0567856
70.0533371
70.0483551
70.0428162
70.0361176
70.0287704
70.0277405
70.0333328
70.0444489
70.0518951
70.0568085
70.0570908
70.057106
70.0559998
70.0523911
70.0463715
70.0341415
70.0291672
70.0285645
70.0289154
70.0289536
70.0392761
70.0560455
70.0566864
70.0496216
70.0431213
70.0376205
70.0417404
NaN

mug_right_distanced from_5.txt
44.5885735
44.5885735
53.4725227
53.3302574
53.1554947
52.9559059
52.7762146
52.6271362
52.4454308
52.2519684
52.0882759
51.973114
51.9070244
51.8630638
51.8621216
51.8738899
51.8742332
51.8841324
51.9664612
52.1303864
52.2431488
52.3570976
52.4545898
52.5500107
52.65905
52.7890129
52.9373207
53.0873795
53.2397995
53.4240074
53.6493912
53.8817062
54.142849
54.3887177
54.618557
54.838501
55.0604324
55.2644768
55.4392128
55.6515541
55.8823471
56.0896072
56.2619057
56.3967209
56.4378738
56.5299911
56.6826172
56.8477325
56.9350281
56.8808899
56.9093399
57.1622505
57.4564323
57.8402557
58.1264114
58.3592072
58.2163658
57.9334602
57.4729958
57.1079597
57.0873947
56.8140678
56.7600288
56.856842
56.8960419
56.8887711
56.8198128
56.7599525
56.8047638
56.8764114
56.9037971
56.8951263
56.8220367
56.5347977
56.4072037
56.3611526
56.3804207
56.8795319
55.7845306
51.4928589
50.8416748
50.9513245
51.448761
53.3163528
55.4431534
56.2069626
56.7502251
56.8256607
56.8677597
56.8848419
56.9023552
56.8931351
56.8000298
56.7172775
56.6183777
56.5188675
56.380146
56.2922325
56.2195511
56.2200165
56.3215599
56.3991966
56.4666748
56.5010796
56.5979652
56.6252556
56.5439072
56.4290466
56.3259506
56.2818642
56.326149
56.4832191
56.5202446
56.3893738
56.2642136
56.2886086
56.3781357
56.4728317
56.6037292
56.6046715
56.5373802
56.5232735
56.4774246
56.3952255
56.260807
56.1838837
56.1763611
56.2338524
56.3112068
56.4318085
56.5135918
56.7006493
56.8352356
56.9027786
56.8760872
56.7123795
56.5006943
56.1177635
55.5990372
54.4119873
53.2726364
51.6866493
51.0320473
50.7268372
51.0173683
54.5271721
56.8786736
56.5299988
56.4316292
56.4215622
56.4946938
56.7479973
56.8676224
56.906662
56.8936691
56.8337708
56.7703362
56.7563515
56.8556366
56.8988495
NaN

mug_right_very close to_4.txt
46.5884895
46.5884895
54.0336037
53.9006538
53.9120026
53.9731102
53.9423294
53.8698654
53.8155785
53.7471695
53.7261696
53.7994728
53.8701591
53.8208084
53.6482353
53.5364189
53.5476151
53.6730881
53.8007393
53.8950615
54.1041946
54.3351707
54.3965607
54.4589958
54.567421
54.6747932
54.8072128
55.0396881
55.2193069
55.3052177
55.4090958
55.5931053
55.7902565
55.9619942
56.1768646
56.4167023
56.6685143
56.9012337
57.1644707
57.4931335
57.7891922
57.9982033
58.2569733
58.4610863
58.7466545
58.8878975
59.0838966
59.1728134
59.3548775
59.3535805
59.3941841
59.2018623
59.5096359
60.0929337
60.5588341
61.041584
61.5970306
61.905941
62.410778
62.8653641
63.2315712
63.4920654
63.7528229
64.1150208
64.4601669
64.8232803
65.5281982
66.2091827
66.7831268
67.1760559
67.4609222
67.5338821
67.6580429
67.641098
67.8829727
67.7339935
66.8243027
66.0964127
64.878067
65.352623
67.3685913
68.2043915
67.6496887
67.165535
66.6528015
65.804451
64.946373
64.4851685
64.3299866
64.0930099
64.0740662
63.6622467
63.3573952
62.9741325
62.9490929
63.2632332
63.8374825
65.0140228
65.6527405
66.4791641
66.3787918
65.623642
65.2476349
64.5168381
64.6533737
64.7359009
65.1201859
66.1041183
67.1552505
69.0452042
68.9774246
68.4433899
69.0220642
70.635498
70.8056793
70.5868301
69.3190384
66.6217728
65.5357437
64.6808167
64.3946533
64.6263351
65.2759094
65.7681808
66.6033325
67.0204697
67.1321487
66.8842468
66.3610687
66.1840744
66.128067
65.6131439
64.8033295
64.2163239
62.8084183
62.2235031
62.005928
62.4879189
62.6213951
63.6079407
65.7653961
66.9700012
68.4869461
69.0218124
69.1981812
69.495018
70.0013351
69.5189438
68.12677
66.6098709
65.8019485
65.3631363
65.7000275
66.9179153
67.5511017
68.3326263
69.1016464
70.023613
69.9185333
68.6897964
67.4961319
65.7451553
64.98806
64.6725845
64.7710266
66.6479568
67.9753723
69.3293076
69.5335007
68.5787506
68.3482285
68.6437759
68.6055374
67.7523727
66.6998367
NaN

mug_right_very close to_5.txt
40.9068146
40.9068146
53.4313431
53.6476326
53.8507042
54.2458954
54.732872
54.8503914
53.2796059
52.0040131
51.8591576
52.1135979
52.3577728
52.3678741
52.3237648
52.2242546
52.2538185
52.4412079
52.5328712
52.6146469
52.79916
53.0065804
53.3112946
53.6472511
53.9634743
54.3707123
54.6840858
55.0740585
55.1833878
55.7332611
56.1141319
56.6541824
57.3454781
57.8410187
58.3915672
58.9527969
59.4346008
59.9382286
60.1189041
60.1857224
60.2187729
60.7759399
61.4153595
62.2156219
62.8555336
63.415451
64.1145477
64.7920532
65.2990646
65.6063309
66.0193024
66.3342361
66.7702789
67.1106262
67.9179306
69.1450729
70.0995636
71.0897903
71.7246857
70.9572067
71.2013702
71.3921356
71.4568176
71.3003387
70.6360703
69.7813492
69.915741
70.4584961
70.2761078
70.5269394
70.5641022
70.6670456
70.7731781
70.8849487
70.9747696
70.6841507
70.6268311
72.2159271
72.9095078
74.590889
74.9361343
76.2569504
76.2460403
76.4264603
75.8468475
75.6452408
75.2468338
74.9459229
74.68927
74.5595932
74.9439697
75.5861206
75.4455566
75.4177322
75.2253876
75.083252
75.1484146
75.1106873
75.098465
75.20504
75.3053589
75.4151459
75.4956207
75.5389404
75.576004
75.5903015
75.4906616
75.3853531
75.9976578
76.0700989
76.0205154
75.9355774
75.8134232
75.8192291
75.0590134
75.236824
75.3167496
75.4483948
75.6237335
75.6250458
75.5711365
75.4728928
75.3633347
75.1928482
75.1187592
74.9465103
75.7707672
75.6164703
75.0780029
73.459938
74.3744278
74.5422821
73.628334
73.4671326
73.439537
73.4760437
74.479866
74.2932358
73.2598038
74.0054016
74.6023407
75.0855255
75.1161957
75.3009872
75.3760605
75.51017
75.5820923
75.620163
75.6049347
75.5127182
75.3801193
74.9704285
74.959671
75.9403763
75.880043
75.814476
75.9041672
75.9371872
75.9221878
75.3720856
75.525032
75.6071777
75.6129837
75.5362396
75.4367676
75.3567047
75.2411804
75.1282578
75.0744553
75.7519073
75.1261749
75.2168274
75.2734375
75.481636
75.6702576
75.6395645
75.6389542
75.5205078
75.3114243
75.2115707
75.0632782
74.899353
74.8052216
74.6960144
74.5243073
74.2261276
74.5571136
73.7349777
73.5969925
72.2384872
NaN

