powerdrill_left_distanced from_4.txt
155.409149
155.409149
108.615692
108.552788
108.477112
108.616302
108.704124
108.921555
108.997208
108.836273
108.716286
108.713158
108.686096
108.684052
108.539528
108.513077
108.625214
108.80925
108.954895
109.140747
109.207329
109.229942
109.253403
109.391724
109.287788
109.151009
109.05529
108.87085
108.836349
108.560043
108.295738
107.976959
107.922546
108.588646
109.039299
109.000633
108.939827
108.721062
108.012054
107.618889
107.433807
107.416557
107.84584
108.171516
110.16806
110.802139
111.145096
112.028816
113.62027
114.281616
115.321732
116.640152
117.866402
116.414772
112.116829
109.621178
103.880524
103.398918
105.007828
110.622147
113.080597
114.032379
115.886536
116.406929
116.837532
117.22435
117.673149
118.125374
118.713333
118.661003
117.634384
117.068611
117.97567
119.749702
120.935028
121.745529
122.009514
122.899628
123.548729
123.623451
122.667206
120.439255
120.035355
119.152763
118.734169
119.316505
119.689819
120.215637
119.844467
118.287445
116.19828
114.163353
112.439331
113.540092
112.122452
109.038048
105.48761
102.143532
98.2807083
96.3252258
94.0932999
93.2907867
94.2553787
95.8948593
97.0672455
96.9892807
97.4148026
98.5102386
100.215515
99.5086823
98.9630661
98.5205841
98.0858765
97.763443
97.9416656
98.5466919
98.5035095
98.3125763
99.8967056
102.342606
109.645378
117.479477
127.045341
129.034286
129.33725
128.953094
132.079346
135.019333
137.563858
136.825134
133.850449
129.809174
122.419815
121.82312
123.819832
124.524338
123.15554
117.973267
117.093117
114.953438
110.861916
105.313377
104.423141
104.748009
106.165863
109.294571
110.508057
112.06176
113.355347
115.202942
115.843521
117.376831
118.078072
117.054352
117.356026
119.626923
121.029984
121.094376
120.091515
118.761253
NaN

powerdrill_left_distanced from_5.txt
152.246613
152.246613
62.2791481
62.2386093
62.0730591
62.2202454
62.2918091
62.4148216
62.7187042
62.5610428
62.8730125
62.7661896
62.8307076
63.2507553
63.7693024
64.2178192
65.3360748
65.778923
65.8697433
66.4841614
67.2405548
67.4415665
69.182785
70.4746857
71.5695648
72.5446777
73.7700882
72.9122772
71.1267395
71.1019058
71.5090561
71.7193604
71.6172562
71.3332138
70.9151688
71.1810989
71.702095
72.357666
73.4769745
74.677475
75.95224
77.8718567
79.3829422
80.2124023
81.196228
81.8877182
82.8552246
84.3195038
85.6738281
86.4505539
87.7229843
89.8841248
92.1411667
94.2335968
96.7060013
99.9473267
101.682457
104.671089
107.062485
109.741837
113.485886
112.971977
112.574356
112.687393
112.51857
111.747185
111.168396
110.279579
111.055595
112.1847
113.864311
116.180496
115.955849
115.522133
115.58709
114.421822
114.829033
115.442085
114.823975
115.148178
116.319145
115.743469
116.657845
116.192627
113.505119
112.202888
111.643639
110.124214
107.848213
106.642815
102.408302
100.393158
94.7351303
89.5031815
82.15728
82.2569427
83.6089859
85.6139374
87.8815384
92.3143082
100.261307
104.921013
106.764252
108.349625
112.309464
113.587723
114.095146
114.904709
117.261757
118.502266
119.777344
121.294655
122.777924
122.840378
122.706703
122.051933
120.534561
119.729149
120.135651
120.394035
120.382851
120.679489
121.33416
121.636848
121.569023
121.118668
121.171585
121.108131
120.540916
120.49086
121.371552
122.659431
123.107033
123.340828
123.415253
122.303062
121.559265
120.887863
119.717812
118.234741
117.854973
117.319878
114.702194
109.996658
108.819084
105.108665
99.7852707
92.6288605
86.6836166
85.3270264
84.0677338
83.0160141
85.2546234
93.3980408
101.94928
106.209877
109.18367
112.704872
114.487762
115.739281
NaN

powerdrill_left_very close to_5.txt
154.101181
154.101181
116.199234
115.646782
113.107582
111.125671
108.954338
108.278397
107.979561
108.062927
108.009407
107.749519
107.77282
107.778908
108.200912
108.861267
109.249039
109.49131
110.157112
110.607239
111.251724
111.343941
111.589409
111.692192
112.310051
112.144585
112.592873
112.664261
113.012787
113.433205
114.837242
115.333824
116.573219
117.602417
118.347496
118.61525
119.049751
118.643013
118.602684
118.257278
118.204468
117.727043
117.834206
117.871735
118.019562
118.03746
118.303947
118.48365
118.738319
119.099815
119.448738
119.486389
118.979927
117.014053
115.779167
115.485451
115.08754
114.826164
114.058884
114.042915
114.306267
115.239197
114.614769
114.723549
115.520958
116.491936
116.134964
115.882286
115.206444
115.060959
114.811584
114.812408
114.726303
115.084862
115.032822
115.18232
115.076065
115.399063
115.402893
115.503899
115.111847
115.046303
114.972015
115.072418
113.956413
113.396194
113.417305
113.644707
112.713287
112.426796
112.288101
112.280502
111.929573
111.712975
111.210541
111.218697
111.062805
111.289284
111.218208
111.052788
110.436569
110.327347
109.644615
109.427567
109.019325
108.799736
108.560188
108.650734
108.132286
107.997551
108.687912
109.729691
112.631737
116.108627
116.602829
114.85582
113.689102
114.178421
114.74128
114.846489
114.771156
114.47834
114.472542
114.592079
114.795197
114.704979
114.804619
114.462128
115.377739
116.587601
115.962532
113.202263
109.77536
103.186432
98.6231766
94.0887909
90.6386261
85.7756119
82.0352325
78.1105042
77.3510361
76.6177826
75.7294998
75.4635391
75.0686493
75.4570694
75.8517456
74.4681091
74.2424088
73.0593948
72.7342987
72.9448471
74.5483322
78.0510178
83.5548325
90.2961578
94.8173523
98.1844864
97.8071823
96.091629
NaN

powerdrill_left_very close to_6.txt
131.641113
131.641113
69.4373474
69.2628174
69.395874
69.9446487
70.8905106
71.3198395
71.0797501
70.5272903
69.4267731
68.421463
68.2218323
68.3659058
68.4667435
68.5180359
68.8727341
69.7971954
70.3378677
70.6925278
71.0372772
72.2071991
73.5179977
74.4527588
74.279541
73.5357132
72.68013
70.7612534
69.0729904
66.4081345
64.756485
62.5276794
61.4254761
60.4980888
61.0225716
63.6109123
65.4368744
66.909111
66.6588745
65.4416885
64.5877686
63.9963264
63.3434334
62.7394829
62.0878258
62.2763901
62.9031487
63.202446
64.3789063
65.3509598
66.3218307
66.828186
67.3751755
67.6003342
67.6234665
67.5680847
66.9714203
66.5202637
65.809288
65.5393677
65.8830338
66.5265045
67.4762421
68.2767715
69.6085587
70.6320419
72.3743362
74.5590286
73.1214371
70.563385
69.5126266
67.841629
67.0292206
66.2061691
65.8239212
65.6915283
65.8942184
66.8895187
67.4867554
68.2499847
68.4909897
68.7817307
68.9825821
69.0780106
68.8008499
67.931488
66.8317184
64.8802872
63.829689
62.605072
61.6323547
60.9707985
60.9908905
61.125515
61.5440216
62.7049751
63.6099205
65.3638306
65.208786
62.4036331
59.9160271
57.3924141
57.4837074
59.7411461
62.9288406
65.423027
68.8670425
71.8248978
74.6127243
76.0863647
77.1448975
77.6434555
77.2287979
74.9203796
72.1344986
71.3050079
70.6515045
70.2721176
68.9005585
68.2115173
68.0358963
68.2584763
67.9123306
67.9910278
69.659111
71.7449188
74.2873688
75.6392059
75.8046265
74.3567276
71.3982544
69.7701111
69.0557556
69.1226959
69.5829391
69.5935516
68.8566895
68.4136429
68.3037033
68.4469376
68.3656845
67.6321411
65.6419983
65.2230225
66.2544556
NaN

powerdrill_right_distanced from_1.txt
162.516205
162.516205
90
90.0426407
91.9813995
89.1838837
90.727623
95.7959061
115.101776
73.2112274
116.086349
63.419838
117.971436
122.360641
112.572701
61.5112724
112.382301
83.1939011
125.013046
98.517868
129.075516
120.893616
60.2909393
66.6132202
91.1325684
94.130127
136.035461
99.6800461
135.959457
116.127258
57.7557793
99.5849991
102.092308
43.6005211
58.396759
141.381195
151.070999
61.6444778
72.9599228
46.0013084
117.347816
159.877945
23.7965126
55.9464645
142.216171
156.666687
88.7139435
128.809814
101.741608
73.0098419
132.437088
159.907486
87.8543091
27.9257145
145.056778
79.3804932
23.0780716
51.4051056
101.722176
109.755783
32.480072
160.514893
17.4927902
136.306274
25.3496056
97.7383423
153.996078
30.5091476
139.759201
107.568764
92.9190674
103.263947
162.225006
23.9035492
114.609291
60.8855171
64.9625397
43.4537048
120.687164
82.0213013
113.553162
42.8792229
18.7819767
151.576508
114.700066
41.1492081
161.792831
85.6559753
137.523804
38.693821
96.9235916
108.619186
50.5909004
149.629517
59.5999985
96.575737
134.113068
43.284977
16.2864723
162.714462
147.517822
63.9973907
107.161079
86.2754745
49.4229927
29.4820652
15.6719885
101.174232
28.0748825
150.68454
162.538437
109.100601
70.8894272
117.343102
148.244934
16.3968143
95.8492584
91.52948
160.359467
123.481232
154.210052
159.484146
38.9253998
157.381561
91.8923035
157.082352
77.8265457
162.343704
49.604435
64.6012802
17.8200035
120.578552
46.4218864
76.2462845
79.0422516
45.3355904
152.295944
57.1785736
35.0054054
125.850471
104.009514
91.4765854
41.7207146
38.1115532
76.2108002
162.516205
162.516205
74.6970749
76.8907547
91.3154602
40.3105392
92.8186111
41.2649002
79.1771011
71.4854355
65.2524261
23.2321262
21.0536957
112.512802
112.021797
120.119423
101.236542
89.7899246
38.1202431
56.7269135
124.366585
68.7013245
17.1424446
80.987175
143.419647
112.253914
105.343506
73.750824
108.47142
121.206367
147.110016
50.9837036
84.6778412
48.1035919
107.293831
158.774582
48.0106773
113.856056
89.8083725
170.641434
61.1059799
123.091431
44.5085564
55.7002373
63.5610046
86.2679367
57.7608833
179.067902
114.262413
131.977005
110.880936
114.184273
173.310028
174.553894
78.6209793
86.736763
178.00325
151.48233
123.699806
50.2713356
78.3437805
112.801453
101.898727
135.542496
53.2049789
74.5843582
72.5053864
124.098747
57.0833931
139.412231
141.48851
90.7429581
159.430618
167.150543
67.4963226
75.7456665
87.0191345
66.184082
52.1710358
96.5049438
50.8477173
56.7439232
134.063461
51.533596
48.4026947
109.732803
156.815643
156.077835
99.1130295
76.4751968
54.3556557
51.7339821
64.6426315
75.3080902
167.874466
176.968353
164.149521
110.771217
96.0404053
71.8238831
157.700623
145.925659
162.605408
51.5722008
78.369133
60.6101494
110.415054
160.374329
114.62928
88.5150528
129.666336
75.0929947
84.2158508
52.2363625
76.659256
52.5919571
173.318665
87.3315659
60.61129
85.624382
103.415726
52.7000542
51.4931526
127.096924
131.359482
122.20359
53.9139709
175.041458
73.0486832
152.515182
128.165817
136.474487
125.426384
54.308857
82.3824539
128.125336
162.159348
81.4044724
49.3070869
48.3267937
149.6996
145.684402
102.332359
107.475967
151.53717
NaN

powerdrill_right_distanced from_4.txt
146.852081
146.852081
90
89.2801514
87.9073105
86.8277664
85.2954407
83.350502
82.0419083
80.3845291
79.4198837
78.3674316
78.2775726
78.8363647
79.0680161
79.350174
79.4879456
79.418457
79.2891998
79.0523071
78.5836792
78.456131
78.7950516
78.7008591
78.4285583
79.6843414
81.3429642
83.0317383
83.9320297
84.5246201
83.9418182
85.1678391
86.5475082
86.2610245
86.1326981
90.3184509
90.2608261
83.3990784
77.6167526
72.999321
71.2011795
68.5697861
64.1971817
59.9930954
58.4687233
55.584301
58.9224167
60.6649208
60.5365257
63.2653656
62.8880386
61.9126816
66.7982941
70.2840881
73.4084473
75.1291046
78.4393692
79.6823654
79.9081116
80.0595474
80.0440674
79.7144775
77.6326828
76.4356308
76.9346619
76.7393112
76.1794128
76.5388718
76.0568314
75.8491974
75.6869431
75.8632889
75.8324356
75.4597626
75.6349945
74.42276
74.1214752
74.1852417
73.0861969
70.9901505
70.7822342
71.9122849
70.6952362
71.153183
70.790802
68.1097183
69.2397079
68.7511063
65.8304443
67.7403259
68.2583618
63.531929
65.747345
68.8074799
66.4308548
66.8035278
66.4100037
65.6396561
66.7468185
65.0552597
67.8623886
70.6815109
72.3261032
73.999588
74.4461594
73.478241
75.3706818
73.6239319
66.6278915
64.0593109
64.6787643
62.3900833
58.2794228
56.2341576
53.8326607
53.0931892
52.2769852
51.5508423
49.2429848
48.3001747
49.7821999
51.6050072
53.2496033
55.0515747
59.6171646
61.2052917
59.3792534
56.8327675
55.2176094
54.3715324
53.0960083
51.5482063
51.3015633
52.3019829
52.9843903
53.8329544
54.8645134
58.5647125
60.4203186
58.9973183
55.9929771
52.780899
52.0042915
49.5775375
48.1756325
NaN

powerdrill_right_very close to_4.txt
157.653336
157.653336
90
90.1365814
90.3824844
90.5982361
90.6630859
90.628746
90.6115723
90.4955063
90.3471451
90.222023
90.1568451
90.092308
90.1700363
90.3410187
90.3581314
90.2943192
90.3083115
90.2952347
91.074295
90.7970886
90.5467529
90.2340012
89.9027405
90.2260666
90.3181381
90.6146393
90.89505
91.3301697
91.6248398
91.9817352
91.8263702
92.0236664
91.8857422
91.2776108
90.8363647
90.0471039
89.6392975
89.4223862
89.3555908
89.5044174
89.7605133
90.2021561
90.4526901
89.9916229
90.0836945
90.3918686
90.081398
89.6849365
89.6057205
89.6243744
89.5837326
89.3789978
89.6602859
89.8452377
90.3168182
90.6348114
90.6149902
90.830368
90.6821671
90.4646759
90.0165939
89.6655045
89.0799942
88.7325134
88.337883
88.4044037
88.5035477
88.718605
89.2379303
89.4454041
89.9313965
90.1930618
90.1700439
90.3157578
90.3384018
90.2205276
89.797287
89.4816284
88.9200516
88.622879
88.4989471
88.4728394
88.6634293
88.9089813
89.713768
89.8733978
89.9941559
89.9981689
89.6699295
89.3803024
88.9732208
88.4953461
88.4891052
88.4245148
88.2182541
88.5509109
88.952774
88.6066284
88.9057312
89.2906418
88.8764191
88.703598
88.4309692
87.8152847
87.2186356
86.3505859
85.0195847
84.0910416
83.6939011
80.4547729
78.6026001
78.2124634
78.632576
79.2255402
79.543251
79.9193954
80.051445
79.9693909
79.6180115
79.7881317
80.6545029
84.1172791
84.1261673
84.4474716
85.448288
86.141449
86.6518707
87.3486557
87.7938614
87.9939117
88.660881
88.5356522
88.1743393
88.7237854
88.5284119
88.5021667
88.4541397
88.2236404
88.4616852
88.9048157
89.6825333
90.0236053
90.4060822
90.7967606
90.8258591
90.6914139
89.9784851
89.6397552
89.1275024
88.8060074
88.5122452
88.4232178
NaN

