skillet_left_distanced from_4.txt
13.3625994
13.3625994
60.0353088
59.624588
59.7931976
59.9054298
60.0173569
60.078537
60.131237
60.1636887
60.1552467
60.1521568
60.2533836
60.3146629
60.360302
60.4590988
60.696476
60.9248314
61.2299843
61.7499161
62.0452461
62.3965111
62.6998405
63.0074654
63.3078079
63.6225853
63.5396118
63.8265953
64.0391769
64.4427643
64.9769287
65.7076492
66.4046631
67.3092194
68.0707703
68.9572144
69.5013275
70.0829773
70.6060867
70.5367203
70.4786453
70.2784653
70.5630341
70.0238647
69.6974564
68.8061981
68.3749542
68.382782
68.2049103
67.9435272
67.5445023
67.2216949
66.6902924
65.9728012
65.2367859
64.3219299
63.5544815
62.867527
62.3000603
62.0015907
61.6912041
61.5571556
61.2051964
60.858387
60.4045868
59.9839325
59.5485191
58.8540688
58.1398621
57.4440842
56.9548836
56.6314163
56.4154434
56.3235626
56.2981491
56.2038841
56.4017525
56.4797935
56.5501862
56.5047035
56.522541
56.5697021
56.1701508
55.9856491
55.2113457
55.2477837
55.8853493
56.1969948
56.4918747
56.9450378
57.638958
58.19804
58.2861977
58.3813019
58.2305412
58.193943
58.1421585
58.0725174
57.9544373
57.8711815
57.87677
57.8776588
58.1128502
58.1725655
58.3025703
58.3639336
58.4298935
58.4574127
58.4959793
58.5569801
58.4287872
58.2659683
58.2093658
58.13657
57.8798828
57.8427429
58.1799278
58.0683899
58.0934792
58.2126236
58.3016968
58.4211006
58.4703331
58.5339699
58.567028
58.5394821
58.4455338
58.277832
58.0759125
57.929348
57.8408356
57.7922668
57.7847252
57.8225021
57.9037361
58.0248833
58.399807
58.4453773
58.459877
58.4513397
58.393383
58.2464485
58.1415024
58.0915527
56.6401253
56.8926659
57.0811501
57.9919319
58.0409546
58.0768585
58.0975952
58.146759
58.2736168
58.2154236
58.1138992
58.0419388
57.9636421
57.9269714
57.9128265
57.7807846
57.8048325
57.8653145
57.9601593
58.0662804
58.1661186
58.2021255
58.2697372
58.3280754
58.333744
58.5631828
58.4368515
58.3661537
58.1293373
58.0593262
57.9999809
57.9826393
57.9794197
58.0263977
58.0699692
58.1472855
58.2239532
58.0975571
57.9866409
58.1474762
58.0962372
57.6567688
57.7712173
57.7494202
57.6161232
58.0442123
NaN

skillet_left_distanced from_5.txt
11.5332756
11.5332756
55.9232826
55.8664856
55.8757782
55.9153481
55.9100037
55.8059349
55.6823387
55.6310806
55.6596832
55.6628914
55.5733719
55.4081154
55.2854919
55.2174568
55.3045006
55.4751816
55.3804283
55.2600708
55.3561897
55.4373055
55.5471535
55.740078
55.8640633
56.159481
56.4063683
56.4007416
56.2028847
56.2584572
56.646965
57.0772133
57.1216583
57.2066002
57.803051
58.0825005
58.1273422
58.4333191
59.4107285
60.0707512
60.4700699
60.5426826
60.1543655
60.1626701
60.8145218
61.209156
61.0276527
61.1234131
61.9690971
62.1062279
61.7436333
61.8999825
62.9494019
64.1080704
64.8202057
64.2249832
64.2077942
65.3430099
66.3605347
66.708992
66.6827164
66.8381119
66.9848328
66.1514816
66.0338516
67.7107315
68.626236
67.9428329
67.4267502
67.4384537
68.0677414
68.7391968
68.166893
66.7462616
66.122261
66.6171646
67.4023438
67.2896729
66.715332
67.1199341
67.734024
67.9052887
67.6654816
67.5541077
67.5543747
67.587822
67.5372467
67.2001495
66.5239944
66.302681
66.9536362
67.1903534
66.6585999
66.191925
66.480484
67.5165482
67.9412689
67.5269394
66.9565887
67.1484299
68.1233521
68.5643845
67.7934494
67.172554
67.5582962
68.1971588
68.7055359
68.9354095
69.446785
69.3125305
68.1706238
67.6295319
68.5596848
69.1652603
68.7708969
68.0823517
67.822197
68.1653214
68.5515137
68.370575
67.8153534
67.8072662
68.2505798
68.227623
67.905777
68.0684052
68.4979477
68.262764
68.5580368
68.4033356
68.0983429
68.2485046
68.4641647
68.1075287
67.8679123
68.3583221
68.6500397
68.4972992
68.1222153
67.9473953
68.4608688
69.0149155
68.6972961
67.6747284
67.605896
68.7780151
69.1807022
68.887619
68.741684
68.479393
68.0194397
67.4432449
67.7006454
68.6576462
68.5343781
67.5221634
67.1881485
67.1996613
67.5982361
67.7648849
67.0734787
66.1050262
66.1035843
66.8077927
67.1962585
66.8220749
66.6044693
67.1200409
67.5260544
67.5165939
67.4310074
67.1545334
67.4654312
67.5581207
67.4587173
67.0441055
66.5279388
66.7702942
67.3201828
66.986496
66.3695145
66.4462357
67.3860626
67.9982224
67.696373
67.1678772
67.0098267
67.3206024
68.2628937
68.3111877
NaN

skillet_left_very close to_1.txt
13.3261547
13.3261547
70.3129425
70.9165344
71.4223099
71.8422623
72.2029037
72.5337372
72.8869476
73.3246536
73.9256897
74.7261124
75.6581879
76.6746521
77.7143478
78.8056793
79.9531403
81.1837692
82.5035172
83.930275
85.5028915
87.0678635
88.2840881
87.8576584
86.0169678
83.9990768
81.7021179
79.2855682
76.7583618
74.3048935
71.8133163
69.3111572
66.8888321
64.8185196
63.3149376
62.4091072
61.6753922
60.7298698
61.5908775
61.6103897
64.2157669
63.979866
63.6251526
63.4505196
63.3810272
63.3687286
63.6250725
63.8388977
64.238884
64.5246964
64.7489624
64.8704453
64.985733
64.8833008
64.5743332
64.31427
64.0891647
64.0361862
64.0429993
64.1230164
64.4250336
64.6244812
64.8579559
64.9506912
64.9151382
64.7921371
64.629303
64.4478531
64.0871048
63.8524818
63.5667877
63.3942451
63.3838844
63.6148987
63.8398323
64.2810593
64.6083221
65.0097504
65.1691437
65.1902618
65.1744003
64.9887238
64.7434998
64.3643646
64.0800858
63.7154427
63.5141411
63.3285294
63.3439178
63.4957542
63.7089996
64.1069565
64.3778687
64.7109604
64.8705292
64.9309311
64.8531723
64.5812759
64.3745575
64.2348938
64.2053986
64.2072372
64.3074417
64.4719391
64.7516251
64.9605026
65.0757065
65.0125275
64.7876053
64.5029068
64.1478653
63.9259491
63.5213966
63.3936996
63.3052406
63.3105125
63.5459557
63.7001266
64.0488739
64.3436813
64.6784286
64.8646774
64.9975662
64.9764862
64.7696838
64.5735779
64.2582855
64.0563736
63.7408028
63.5823135
63.4051323
63.3178825
63.32481
63.5824356
63.9044037
64.4353409
64.7467422
64.6334152
64.0466919
NaN

skillet_left_very close to_4.txt
10.7177858
10.7177858
56.0645218
56.1231956
56.1591721
56.1979256
56.2619705
56.3901634
56.4935722
56.5413361
56.4228668
56.3515244
56.2951813
56.1893845
56.053894
55.9515038
55.8871422
55.980442
56.1586914
56.2441521
56.3354073
56.4136047
56.5189552
56.6690369
56.8048859
56.9397392
56.9584694
56.9166107
57.0238953
57.1040726
57.1550903
57.2942467
57.3836441
57.5966377
57.7794189
57.9530029
58.1891556
58.3002701
58.4377747
58.6634903
58.9055748
59.111702
59.24506
59.270546
59.3124275
59.3614349
59.4454575
59.562336
59.7142906
60.0511475
60.3723373
60.8083878
61.1569214
61.5501823
61.8680382
62.0488892
62.237709
62.4555321
62.5638084
62.4645538
62.4713287
62.5721092
62.7964935
62.955822
63.0282898
63.1333237
63.4207115
63.7854996
63.7895889
63.8477135
64.106926
64.2915726
64.451683
64.5660706
64.6644135
64.6649704
64.8623505
64.9905014
64.9916382
65.2515335
65.856636
66.268959
66.6891861
66.875206
66.9765625
66.8753433
66.5738373
66.231369
65.7511292
65.2755508
64.7615967
64.3297424
64.0225525
64.0128555
65.0263596
66.3349762
68.9364166
70.1514206
70.8450012
70.8348923
70.6611557
70.3251877
69.240097
68.6652679
67.9038086
66.8063126
66.1156616
66.1859894
65.9955597
65.8819351
65.7416077
65.9529495
65.974884
65.6498795
65.2857208
64.5145874
63.7277756
63.1066513
63.0167122
63.0186806
62.8897514
62.7903175
62.9122391
63.3299179
63.4614754
63.8224373
64.0744019
64.5502548
65.2990646
65.8527985
65.748703
65.3225327
64.9417419
64.7840271
64.9251862
65.1407013
65.7373199
66.9291763
67.3658295
67.2182007
67.443306
68.0246658
67.6572418
67.1172409
65.9156342
64.8638382
63.8132896
63.6030312
63.5963287
63.5523224
63.3127403
63.1524849
63.2621346
63.6249199
64.3677597
64.9911194
65.4554367
65.6544571
66.0045547
66.0463181
65.2792282
64.7463684
64.3157883
64.086731
63.7300034
63.8178406
64.389534
64.8303452
65.432991
65.6720581
65.5009003
65.1600418
64.6579895
64.6211472
65.1908569
65.3162079
65.5163574
65.6555786
65.3630524
65.6718597
66.9264374
67.2426529
67.1714478
67.1200409
67.3000641
66.9367828
66.8204193
66.5322418
66.1046982
65.0120239
NaN

skillet_left_very close to_5.txt
19.3973331
19.3973331
83.6650543
83.6765366
64.7257996
78.2990723
59.5035477
70.1190872
75.4618912
63.7559586
62.3955383
61.2622681
75.2822113
82.6034851
60.0572052
64.1389771
79.5159912
64.5637131
79.0023193
75.7880707
62.0755844
83.2433701
80.908844
60.5200806
66.1633606
60.2353516
69.9966965
82.7058334
58.9074478
58.8486938
58.7266617
74.5311127
67.6901093
65.2507019
73.3184662
65.2761383
85.0497665
59.0474701
58.382164
85.4045258
85.0616989
85.6306229
85.8167801
72.8894119
72.9230347
56.8829727
77.422493
57.4076996
83.7053375
56.6151123
86.0749664
58.2972336
82.3088837
59.457695
84.8620071
85.8690491
87.7290421
87.8476715
83.0209351
66.1152115
81.819664
58.392746
78.3992233
68.7070313
55.0434189
65.5162659
58.4520569
56.9636993
56.7499008
67.7396469
68.290062
66.1253204
54.0630722
54.3683929
83.1766663
54.0449448
65.3576813
54.3487549
56.642189
53.9566498
53.5585022
86.3465271
86.8528214
56.4996872
67.6342773
62.9648132
72.6795197
88.0193405
56.5531464
71.0694427
86.9837189
76.5802231
85.9935608
71.782814
86.6447983
61.1759644
57.7512589
74.5799637
83.2722321
65.2808075
84.1053467
72.1212387
56.5469971
82.5868683
82.6512375
58.5330963
56.6625214
56.6590576
75.8523636
83.0376205
69.3860397
57.3420486
81.6283264
82.6390762
63.0235519
82.7345657
68.6474915
84.3094254
74.8157883
86.4610672
61.5108871
70.9694443
81.9130173
74.7791977
84.1413956
85.4421997
59.6887512
72.5561218
60.0114899
69.0036011
75.7957611
62.5212708
69.7393723
57.8156815
82.8674545
84.6283417
57.4446106
70.1364136
79.722023
57.1048203
85.3861847
69.9614029
76.3127747
64.6378784
56.5504761
83.9259949
82.398674
62.6308899
80.3870316
56.5483322
57.9983063
60.6695404
64.0496979
59.4508286
80.1946487
78.3770523
72.113739
57.1199646
78.413269
83.9916992
68.9860458
63.3861313
78.9362793
65.1784363
58.7921066
62.0533981
85.7166672
83.9960709
76.3227997
69.0402374
59.0472488
76.2182617
64.8902206
66.7344055
56.6153717
77.6048203
82.1100235
86.1528625
59.2747421
56.7468872
84.7024231
85.4619064
79.8735275
68.4188232
86.6761246
82.4894409
60.0412521
81.0308304
56.463295
85.937973
NaN

skillet_left_very close to_6.txt
10.7598104
10.7598104
61.2375717
61.289814
61.3302841
61.3599358
61.3796997
61.3906631
61.3933945
61.3891792
61.3754654
61.3598938
61.3452759
61.3284454
61.3142738
61.3031349
61.3009071
61.3139381
61.3486099
61.4093971
61.502533
61.6229248
61.7633057
61.9181023
62.081707
62.2550774
62.4320755
62.6113739
62.7922325
62.9742279
63.1590881
63.3480034
63.5427856
63.7448387
63.9552879
64.1756058
64.4069366
64.6488647
64.899765
65.1444244
65.3983002
65.6695175
65.9655609
66.2868881
66.6113281
66.9472885
67.2775116
67.6139984
67.9570313
68.3078079
68.6673965
69.0356216
69.4127502
69.7998123
70.1968155
70.6049576
71.0230865
71.4456177
71.862587
72.2509918
72.6628189
73.0885162
73.5093307
73.9307785
74.3800507
74.8726196
75.3833389
75.8892975
76.4262085
76.9547577
77.5103226
78.0698013
78.6248322
79.1800537
79.7274399
80.2614975
80.8502502
81.4351959
82.0708466
82.7885818
83.4882431
84.1647644
85.0061951
85.6731567
85.5798645
85.9533386
86.6739044
86.9378281
86.4616776
85.966423
85.2782364
84.2723465
84.1729126
84.085907
83.9633942
84.0519791
84.4425278
84.8990784
85.1375046
85.2702179
85.340416
85.421875
85.3612823
85.0332718
84.839325
84.6432343
84.4750748
84.3647232
84.5144501
84.8669357
85.0772018
85.277092
85.3045044
85.2121124
85.0260849
84.8647614
84.9297867
85.189476
85.1954422
85.2971039
85.2737808
85.2175598
85.4212952
85.5545273
85.548996
85.5546494
85.5497131
85.5526962
85.5507126
85.5419006
85.5139389
85.3611221
85.0569382
84.0665894
83.2544937
82.9411697
82.8256226
82.9648056
83.4065399
83.8103714
84.261528
84.5149689
84.6206665
84.4600525
84.3866425
84.4608688
84.7311859
84.7663956
84.9740829
85.112999
85.2642059
85.4695435
85.5503845
85.4751968
85.4300003
85.3624649
85.0647354
84.9496536
85.0596695
85.0524673
85.0337296
85.1377792
85.2877502
85.294838
85.4842529
85.5374756
85.2654495
85.121254
85.3085556
85.5158615
85.5417175
85.5517578
85.5445099
85.493454
85.4286652
85.2102356
85.0735703
84.8123322
84.6004715
84.5852051
84.6083221
84.7436371
85.0075912
85.3250122
85.4139175
85.4235229
85.4020767
85.322258
85.1814346
84.9651413
NaN

skillet_right_distanced from_4.txt
16.7529774
16.7529774
46.3202019
46.2862129
46.297699
46.6186104
46.7831268
46.8494034
46.9022064
47.1745911
47.2589455
46.9529114
46.5060272
45.9443245
45.6676025
45.7077179
46.0467529
46.5646133
46.9199142
47.0876274
47.1579208
47.1821365
47.2778969
47.4449463
47.5686836
47.5751038
47.5411148
47.4960709
47.684597
48.0422897
47.8396301
47.6732941
47.743248
48.0229073
48.4197273
48.7068558
49.0374146
49.3804321
49.8648415
50.1585312
50.4718323
50.802372
50.9974442
51.1863518
50.9981308
51.0728989
51.2834892
51.6650162
52.2920227
52.7505341
53.284729
53.7279358
54.0436249
54.1639862
54.2135048
54.424324
54.202919
53.9962807
53.7597351
53.8826904
53.7329674
53.862175
54.3069611
54.7903595
55.8292427
57.4491463
59.0240631
60.817215
62.6650391
64.3942108
66.3239136
70.0316162
73.2494583
76.434639
78.1583023
77.4462051
73.993515
71.8437195
70.5437622
68.992012
68.3676605
67.7496185
67.1182098
66.3260422
65.4787216
63.5688019
62.2763062
60.4119873
59.2060089
57.6305237
56.8863602
56.1631393
55.8851547
56.2218628
56.8997421
57.8385773
58.4935913
58.8819199
58.7570877
57.9482727
57.0639343
55.8017883
54.6158829
53.0782013
51.3525276
50.8989792
52.6861229
54.532486
55.6412277
56.9342575
57.515419
58.3611069
58.7659149
58.6596603
57.9629288
57.303978
56.2125778
55.8514709
56.0252686
56.041626
56.4346619
57.222374
58.6007309
59.8046265
62.4152985
64.2573166
66.2961807
67.2169266
68.6405258
69.4350281
70.5016098
71.2926407
72.9851151
74.1448517
75.4774094
75.4461823
74.6838608
73.2757263
69.6036682
67.1711655
63.8984756
62.4355621
60.3620071
58.7745819
56.0624771
54.3508835
52.3675041
52.0515404
52.8882904
53.5920372
56.0855026
57.0209045
57.9562912
60.9002838
62.8220444
63.4617157
63.0434494
64.2077484
64.2985306
62.867775
61.7075043
61.0005722
60.7819824
61.3658829
63.3536835
68.6747971
70.8639984
69.2018585
67.5912476
67.1334
67.85112
69.1941681
68.7260742
65.9278336
63.9821243
NaN

skillet_right_very close to_4.txt
14.0394907
14.0394907
97.4578247
97.4511642
97.5548553
97.9860001
98.7802124
99.2294006
99.2969666
99.3522186
99.4266129
99.7143707
99.3982773
99.4907761
100.059479
99.9507523
100.004631
100.108635
100.079285
99.7077942
98.8675079
98.1929779
97.8867874
97.8058014
97.4615173
97.1892319
96.3757172
95.5913544
94.6889648
94.1725616
93.5551453
93.0942841
92.8639832
91.7398529
90.333046
87.9279556
86.9820633
86.7483368
86.3872375
86.0320435
86.1116104
86.6543579
87.0614624
87.4706421
87.7538452
88.0624008
87.9530792
87.5692749
87.340683
87.4902191
87.1066055
85.9077682
85.1748734
86.9771423
88.0978775
86.5032196
84.3217773
84.4602051
87.565094
89.6622314
87.5408478
81.2067947
79.225769
84.2878647
87.2109451
87.2286758
86.8147888
88.3187714
88.158989
87.4921875
87.0491409
85.4193192
84.7096481
83.6755066
81.8973846
79.7584686
77.7346268
74.9231186
71.3114166
69.6398926
69.0448685
69.428421
69.6482697
68.7143631
67.175705
64.567215
63.0059814
60.5073967
56.824398
57.1618385
59.0530548
60.7665863
58.5744362
61.2310028
68.7216263
71.2520905
73.4690247
73.3925171
70.9463806
73.0410538
76.2640839
74.6147614
76.9735413
83.7045441
84.5452957
76.8849258
61.1267433
57.6177483
56.9784698
56.3380089
54.093071
51.5532532
54.1122627
54.286377
54.9748688
56.0702438
55.1783791
58.6154976
55.8073082
55.4708138
61.5176582
68.7815247
71.8090057
75.0458603
76.9342194
78.2206497
78.2576447
77.9983139
77.7889404
76.3947144
74.9933167
73.3758087
74.0318222
74.1378326
74.0556717
74.4030075
74.4794464
74.247612
74.0729141
74.0669098
74.0362778
74.1944427
74.3254089
73.5530701
73.4550171
73.3973618
72.5531769
70.022995
70.2400284
71.2854996
69.5953598
70.6343384
69.6967163
67.0317688
69.2217865
68.0634384
63.9115639
66.0683746
64.8708191
60.9951744
66.883461
68.1325836
64.467865
65.114006
64.6623459
64.5532608
65.8010483
63.2874489
64.1387405
65.8047638
61.5903168
59.901741
60.1267242
58.6636848
56.0003891
53.1535683
49.2623711
48.2178497
49.8110657
49.4173965
48.2747765
47.4737206
48.335083
48.2595062
49.4170341
50.5824394
50.3635139
50.7571869
51.1530914
50.6727104
NaN

skillet_right_very close to_5.txt
6.64149714
6.64149714
52.6513367
52.5513878
52.5992889
52.4835548
52.2738647
52.3355255
52.7594337
53.2136116
53.6820717
54.2539825
54.9208755
55.2346535
55.7170944
56.594635
57.6900444
58.368248
58.4603195
59.3923759
61.5180931
63.1399498
64.0585251
64.8750534
67.7248917
68.8859863
67.5504684
64.8270111
64.8226089
65.0010681
63.0836563
62.2654686
64.3992691
66.0836487
66.6475143
65.3452301
65.1380692
67.0354309
67.6162949
66.5476532
64.3006287
63.2993927
64.1098862
65.0107422
63.6995468
61.8702393
61.7363815
62.9884834
63.8084259
64.1194382
64.1119995
63.2223434
63.7391205
65.5763092
66.5555191
65.2678986
63.5795403
64.0011444
65.4503403
66.0585709
65.2555313
63.3347931
64.1422195
66.2828598
65.9958878
63.9963036
63.1652222
65.043869
66.0208588
65.1283646
64.8718796
67.1773911
67.8484344
66.0597229
64.808075
65.7260132
66.068718
64.8116455
63.7022438
64.3210297
65.8609314
66.4991226
65.5624008
63.9907799
64.2063293
65.7201157
66.0084305
64.4445877
63.7978325
64.8131714
66.1908417
66.1234818
65.9563828
66.3420944
67.2018738
66.719162
65.5348511
65.5375748
66.7560349
66.6884003
64.6811447
63.4656601
63.8836746
64.8526764
64.9497986
63.8624077
62.817585
63.9077263
65.9951019
66.4468079
65.772995
66.2956696
68.3242111
68.1391068
65.2778015
64.3093567
64.9786377
64.7126846
62.8944054
63.0899658
65.6241913
66.7775497
66.3186493
65.1139603
65.6463318
66.9836426
66.673996
64.4978409
63.2191238
63.3577652
NaN

