spatula_left_distanced from_4.txt
0
0
19.3596497
19.3596497
19.3596497
19.3596497
19.3596497
19.3596497
19.3596497
19.3596497
19.3596497
19.3596497
19.3596497
19.3596497
19.3596497
19.3596497
19.3596497
19.3596497
19.3596497
19.3596497
19.3596497
19.3596497
19.3596497
19.3596497
19.3596497
19.3596497
19.3596497
19.3596497
19.3596497
19.3596497
19.3596497
19.3596497
19.3596497
19.3596497
19.3596497
19.3596497
19.3596497
19.3596497
19.3596497
19.3596497
19.3596497
19.3596497
19.3596497
19.3596497
19.3596497
19.3596497
19.3596497
19.3596497
19.3596497
19.3596497
19.3596497
19.3596497
19.3596497
19.3596497
19.3596497
19.3596497
19.3596497
19.3596497
19.3596497
19.3596497
19.3596497
19.3596497
19.3596497
19.3596497
19.3596497
19.3596497
19.3596497
19.3596497
19.3596497
19.3596497
19.3596497
19.3596497
19.3596497
19.3596497
19.3596497
19.3596497
19.3596497
19.3596497
19.3596497
19.3596497
19.3596497
19.3596497
19.3596497
19.3596497
19.3596497
19.3596497
19.3596497
19.3596497
19.3596497
19.3596497
19.3596497
19.3596497
19.3596497
19.3596497
19.3596497
19.3596497
19.3596497
19.3596497
19.3596497
19.3596497
19.3596497
19.3596497
19.3596497
19.3596497
19.3596497
19.3596497
19.3596497
19.3596497
19.3596497
19.3596497
19.3596497
19.3596497
19.3596497
19.3596497
19.3596497
19.3596497
19.3596497
19.3596497
19.3596497
19.3596497
19.3596497
19.3596497
19.3596497
19.3596497
19.3596497
19.3596497
19.3596497
19.3596497
19.3596497
19.3596497
19.3596497
19.3596497
19.3596497
19.3596497
19.3596497
19.3596497
19.3596497
19.3596497
19.3596497
19.3596497
19.3596497
19.3596497
19.3596497
19.3596497
19.3596497
19.3596497
19.3596497
19.3596497
19.3596497
19.3596497
19.3596497
19.3596497
19.3596497
19.3596497
19.3596497
19.3596497
19.3596497
19.3596497
19.3596497
19.3596497
19.3596497
19.3596497
19.3596497
19.3596497
19.3596497
19.3596497
19.3596497
19.3596497
19.3596497
19.3596497
19.3596497
19.3596497
19.3596497
19.3596497
19.3596497
NaN

spatula_left_distanced from_5.txt
0
0
26.9296799
26.0506687
24.9312782
23.8580227
23.1731472
22.2921448
21.2795238
20.1543579
19.6152382
19.4260101
18.4198627
16.3952541
14.987793
14.4634428
13.8591566
11.9541616
9.79938126
7.93157339
7.0977416
6.60393476
5.37647438
4.01990271
3.56628418
3.57292128
1.84196293
1.50895786
2.99329829
4.50767326
6.96742344
9.15358257
9.82289028
10.7520418
12.0834618
13.8741617
15.0686083
16.0265808
17.4889736
19.8852654
23.6736069
26.8052635
28.9532814
28.8662643
31.6574841
33.6830406
30.8930931
29.3520012
28.9979134
28.9794865
29.3055038
30.8503151
30.4931469
28.2556286
27.4591351
27.8798065
27.8592033
25.9415035
24.468256
23.7275314
23.9009361
24.9575462
25.613039
26.3975086
26.6221237
27.8989258
28.2423172
26.9160938
26.2426758
26.8651791
26.9517708
25.4847279
24.9867325
25.3803463
26.1351719
27.234993
27.7057304
28.3758163
28.3824558
27.2452774
25.6654053
24.2264061
24.7242126
25.4727955
24.8211441
22.9647312
22.9660454
23.8664722
24.5598812
24.5529881
24.6159
25.2297802
25.6546726
25.5528221
24.5939331
24.5878353
24.7408638
24.3415737
22.8053856
22.4835777
24.0612144
25.2011395
24.7631969
24.07407
24.5206699
26.0253143
28.0679798
28.155323
27.5799427
27.1405716
26.1923065
25.3429203
24.253973
24.3236809
25.6858768
26.0319691
25.1293736
25.3281803
26.9613476
27.2982826
25.9202137
25.3417721
24.9996071
24.0739441
23.0766087
22.092165
22.3520279
24.4632282
26.0311661
26.5137825
26.0074387
26.6332874
28.3751469
30.0569305
28.8748093
27.1260586
30.2094421
27.4335041
29.0083809
30.1110935
28.7049255
26.203476
26.0521069
26.8337021
26.2252712
NaN

spatula_left_very close to_1.txt
0
0
48.0421562
50.870575
52.1038475
52.9374962
53.7413177
54.3652039
55.0677872
55.8735733
57.2022209
58.800663
60.4755135
62.3162842
64.0349808
66.0191116
67.8541946
69.7632065
71.6184387
73.5258636
75.3826065
77.1688385
78.9828262
80.8502274
82.6205826
84.4819717
86.3811951
88.3200455
90.3001862
92.2650299
94.0914764
95.9598694
97.8421097
99.8201904
101.754784
104.001884
106.306831
108.521179
110.665184
112.755539
115.017876
117.316956
119.691933
120.913437
123.066635
124.617088
123.213799
123.310692
123.21917
123.072716
122.910034
122.900337
122.964661
123.041061
123.064659
123.040039
123.0625
123.235809
123.314178
123.48307
123.550377
123.555115
123.582535
123.650986
123.748848
123.819176
123.842491
123.678688
123.634209
123.520622
123.483391
123.494492
123.50975
123.536133
123.512672
123.561974
123.560638
123.334862
123.346306
123.378227
123.342491
123.312698
123.270615
123.265968
123.349075
123.482613
123.594894
123.60025
123.551865
123.44857
123.451286
123.391083
123.303886
123.221695
123.141251
123.080093
122.99556
123.033623
123.0952
123.058998
123.03656
122.993729
123.131523
123.287415
123.426735
123.42675
123.37307
123.484657
123.547142
123.680382
123.806702
123.737511
123.520615
123.468132
123.509972
123.454796
123.4356
123.362068
122.750511
122.765015
122.93737
123.164978
123.494804
123.628342
123.605469
123.593979
123.64653
123.760254
123.956963
124.058807
124.108322
124.042564
123.936966
123.959831
123.922829
123.802155
123.745232
123.780556
123.819901
123.90567
123.897911
123.64798
123.421188
123.213188
123.11953
NaN

spatula_left_very close to_4.txt
0
0
58.0988121
57.8063965
57.489006
57.0950241
56.6080246
55.4139748
54.2916222
53.5033607
52.9835968
52.3880272
52.2485123
51.8856468
51.5930901
51.1267929
51.0059853
50.9163094
50.7579918
50.5922737
50.6618423
50.6310349
50.7990303
50.7363091
51.04216
51.1194115
51.353405
51.1325226
51.1190872
51.2661858
51.8006058
52.10289
52.6518517
53.0007401
53.6765862
54.2318954
55.0658531
55.7901192
56.8720779
57.9810944
59.361599
60.3814278
61.5477104
62.8348579
64.5095596
66.090065
68.2328644
70.2539902
72.9393387
75.8747177
80.0200729
84.8546753
91.086174
98.5922241
107.441422
116.942322
124.491234
129.885666
139.80217
144.824356
142.207977
133.276001
133.798981
134.555054
135.061813
135.792542
136.280991
136.9832
137.451065
138.121384
138.566345
139.201218
139.620758
140.216492
140.608047
141.160828
141.521835
142.02774
142.35553
142.81073
143.102676
143.503418
143.757004
144.099731
144.312607
144.594025
144.76416
144.981445
145.10704
145.257919
145.337646
145.420471
145.453461
145.467285
145.453171
145.397888
145.336777
145.212997
145.105621
144.914658
144.762177
144.506088
144.310089
143.991547
143.753998
143.376053
143.099197
142.665298
142.351593
141.865509
141.517471
140.983002
140.603348
140.024338
139.615692
138.996033
138.560959
137.904388
137.445404
136.755539
136.275055
135.555344
135.055649
134.309357
133.792633
133.022827
132.491074
131.700668
131.155777
130.347443
129.791214
128.967484
128.401581
127.564819
126.990829
126.143227
125.562553
124.7062
124.120232
123.257072
122.667114
121.798943
121.206215
120.334808
119.74044
118.867462
118.272537
117.399544
116.805153
115.933678
115.34079
114.472275
113.881882
113.017731
112.430824
111.572388
110.989853
110.138519
109.561234
108.718292
NaN

spatula_left_very close to_5.txt
0
0
17.0124416
17.034687
16.5585499
15.8901329
15.1679001
16.1677456
16.6257992
15.8945236
15.5526056
15.7676477
16.0301819
16.2632465
16.6802235
17.6456261
17.8101463
16.9129562
16.4201603
16.6437302
17.2979794
17.7411041
17.3975925
16.7615223
16.6515846
17.0796967
16.9737053
16.7311192
16.8144341
17.2584839
16.8815136
16.1022949
15.5978727
15.2079201
15.0130205
14.9452515
14.4768648
13.5312586
13.2462311
13.216464
13.1583376
12.9947319
13.3153439
13.4891443
13.2029839
12.2605915
11.3185978
10.9209919
11.085125
10.6409264
9.39605236
8.5318203
8.07917118
7.631495
7.56493664
7.59279776
7.61965656
6.89890194
5.4137764
4.43341017
4.03080034
3.49720812
2.48159671
1.1811775
0.175829366
0.276245624
0.0197823402
0.323851317
1.34260917
2.46187901
3.71293664
4.63531685
4.98240042
5.61747313
6.49805784
7.59724236
9.19423771
9.75150967
10.6904707
11.9925995
13.4811039
15.4896994
16.444149
16.4757748
17.2004547
18.4430752
20.6459694
23.2174282
24.8707638
26.1812172
27.1918526
28.5463772
30.1393776
31.1190567
31.9222927
33.275135
35.8635101
35.9467087
35.4808426
36.4989624
37.4924507
38.3865662
38.0507317
39.556118
38.9309425
35.8617516
32.1868935
33.4590149
33.7094154
33.5156212
33.0458603
33.1663933
35.8233681
37.7495651
36.6210861
35.4031639
34.6477013
34.294899
31.956171
31.666748
33.9758835
31.566515
34.0203094
34.7529411
35.3677254
36.1740494
37.9192543
37.2253799
34.056633
32.957222
33.1640129
33.8328285
33.5865746
32.7565536
32.4990692
32.7102356
33.053688
32.6006851
31.963377
32.1273041
32.7801323
32.7517624
31.4865608
31.6610413
32.4475861
32.2688255
33.1380234
34.7319717
35.230751
35.6954689
36.2108383
36.1666489
36.3211136
35.7223206
34.4121017
32.9310875
32.8571358
34.2525024
35.7700233
34.9083099
33.935318
33.1900787
33.6104393
35.2580185
35.2929764
33.6591454
33.331913
34.1423683
35.1582413
35.963665
34.4471169
33.1087914
33.1011314
34.5113945
35.8359795
36.4164047
36.3045731
36.2700157
35.6979904
35.3320122
34.9122658
33.548378
32.758316
32.8762131
32.1909714
31.5088043
32.235836
32.3683853
31.6600132
31.5804482
32.4388466
32.9344368
32.6977463
32.4355927
32.6157646
33.4833107
33.7043419
33.0351334
32.7638741
33.7980461
37.031498
37.7220078
35.8942146
35.1573143
34.6196938
NaN

spatula_left_very close to_6.txt
0
0
82.6317444
83.3059769
83.5283203
83.5390701
83.4380798
82.3123474
80.6572571
79.3237
79.2540817
79.2036667
79.1469193
79.069252
79.1772003
78.932663
77.9573669
77.3347931
77.3917542
78.2870712
80.3228455
81.0825729
82.3321686
82.6833649
82.69384
82.8384705
82.965416
82.9068527
82.96138
83.2135544
83.8819275
84.3751144
85.0316315
85.28759
84.9678268
84.8673248
84.3492508
82.9217072
81.1303177
80.7303162
80.2768707
79.6509247
78.7598572
79.0546646
79.8415985
80.5839081
81.229126
82.106926
82.7278442
83.0820313
83.4908447
83.708046
83.8901138
84.0943985
84.4784241
84.4655304
84.9130859
85.5746307
86.059845
86.494194
87.5810699
89.509819
90.5202789
91.5152893
92.976265
96.0751648
98.4855881
99.5710373
101.032913
102.57122
103.461922
104.127686
105.236633
106.527611
108.19249
110.005142
111.362206
111.980171
112.68605
112.2565
109.917336
108.428986
105.764877
104.94455
105.185188
105.154472
106.867302
108.93734
108.945442
108.719963
107.22226
104.645409
103.876564
103.473015
107.345253
113.039413
119.601166
120.788658
121.448715
121.456573
121.884712
122.210106
122.619858
122.941292
125.124092
126.943825
129.043839
129.647644
129.092606
128.11554
126.98793
126.268234
126.026405
125.343536
122.832031
118.82412
114.523865
112.367027
111.458038
110.974083
111.404839
111.534813
111.629585
111.628555
111.922066
111.887573
111.848114
111.628853
111.641998
111.962402
112.150894
111.885101
112.174919
112.706818
112.971214
112.323296
112.26078
112.559448
113.249504
115.13102
116.867653
119.198715
121.096512
124.285141
126.192062
127.235458
126.931992
126.556129
127.057159
127.76545
128.378769
128.433365
128.140244
127.471031
126.717537
126.61615
126.393311
126.562393
127.264824
127.358727
127.717201
127.936928
128.022659
127.740372
127.54007
127.687126
128.012741
128.180161
128.601624
128.355911
128.826996
129.34465
128.942764
128.7211
129.338669
130.311752
130.779648
131.033157
131.064606
130.751328
131.09845
132.044266
132.957932
132.010727
131.38768
131.721085
132.961914
133.389664
133.635742
133.526611
NaN

spatula_right_distanced from_3.txt
0
0
50.1063004
46.2622833
44.7906761
24.844017
45.345932
70.4721146
57.5912132
24.1215382
38.1537476
60.116066
41.7701645
51.8120804
55.1530952
40.2191925
21.6908436
68.4746399
21.2988071
68.0413742
73.0058746
30.271368
74.2499161
27.0577068
25.4271545
75.8087158
47.0295525
40.7641296
47.5501595
42.3741951
75.0555267
55.1945534
81.5563278
82.07621
53.0132446
81.6842575
52.4800758
29.0388737
84.6641846
15.3954325
75.7418213
78.6676407
88.3035507
22.9127808
79.6868744
37.5311432
80.7201385
72.5158081
79.139328
32.1025696
67.1306076
101.161629
13.8432083
95.1032333
60.5891533
91.4119492
98.575882
70.5522003
62.3033867
89.2436752
56.7218437
123.922691
38.8386497
39.9925766
109.792961
41.7203979
105.600388
117.621735
42.2899895
115.896164
124.202782
104.894966
85.6604462
48.1211472
62.6726761
125.95462
112.062958
120.713326
115.40274
81.4468765
56.9901733
74.8355408
13.9718952
56.482029
95.6646271
103.79982
70.6368866
98.8968048
93.4716034
92.087883
64.3856277
25.3941021
82.7921066
70.9103699
67.8158188
108.293839
76.7360153
112.22464
125.632057
114.535629
76.491066
34.3012161
68.9219513
79.4089661
109.863007
124.504623
48.0319481
49.3078766
46.0924988
29.9011993
95.305397
101.996918
91.381752
20.7616177
54.4577293
31.2114105
61.0938721
24.5010281
38.1736221
111.67482
19.7314606
35.6407471
32.851059
102.741447
98.5114441
87.1574478
55.3271561
75.1579437
84.7001724
30.3259792
98.5128403
17.0553761
44.9400787
78.2916946
72.7910461
81.7851181
49.24823
20.9654331
120.102249
90.7678986
30.9286995
125.511642
104.581924
95.6044312
117.42347
50.0395622
55.9883194
112.856667
33.1217651
45.0842056
79.4368896
44.6740341
43.6581573
109.630165
42.119503
41.5728378
69.1781616
82.801506
88.8389435
109.123825
NaN

spatula_right_very close to_4.txt
0
0
64.9115677
66.4033356
67.0178375
66.724472
67.2226868
67.3805237
68.4864502
70.1091385
71.7233047
73.7694778
75.9380493
78.529541
81.3520126
83.3667145
85.6868973
87.4880981
89.6361313
91.3978043
93.4192505
95.3420258
97.7398682
99.8343964
102.138626
104.340813
107.254807
109.44574
112.004433
114.123962
117.12101
119.698792
122.976875
125.163177
128.314194
130.916245
133.695602
135.619659
138.486359
140.938385
144.707016
147.779007
150.633545
149.430054
143.499176
142.512039
140.132233
141.710724
143.360611
143.847748
144.406036
144.779053
145.374878
145.077103
145.282211
145.918564
146.866928
147.097992
147.310318
146.772736
147.559158
148.349121
149.070999
146.169739
143.671677
140.56781
140.361084
139.851105
140.531342
140.970428
139.851364
134.848022
130.761917
126.357216
125.062225
125.581947
126.00576
127.534714
128.719421
128.896347
129.623032
128.465591
128.042358
130.084457
131.991211
134.391525
135.615295
137.558441
142.662216
145.960419
150.983948
153.016479
155.271271
157.190674
159.289383
160.15863
161.258713
161.065552
160.147293
158.838043
159.132156
158.767212
158.933701
158.882126
159.062424
159.270477
159.972031
160.143341
160.386353
159.286591
160.624847
165.688889
169.207153
169.402588
167.860596
165.536194
164.991959
164.707275
164.973557
164.674164
164.351105
164.28746
164.209763
164.114029
164.520111
164.569321
164.6539
164.965988
164.931976
164.540421
164.281326
164.352432
164.027725
164.208344
163.828339
163.655365
163.266785
163.360367
163.548157
163.864441
163.328461
164.022125
164.810318
164.789383
164.199966
NaN

spatula_right_very close to_5.txt
0
0
102.674881
102.557793
101.99855
102.437355
103.17276
103.216751
102.755524
103.229507
103.713753
104.096275
104.521553
105.573578
105.946205
106.554024
107.757187
108.750061
108.466499
108.687889
109.881096
110.844627
110.827919
110.2211
110.498512
112.703033
114.365273
115.379028
115.593315
115.390228
116.904015
119.187256
119.367828
118.789474
119.718369
120.575172
121.222404
122.830132
125.607262
128.910751
129.114136
128.900146
130.049088
131.992554
133.379501
133.853714
133.72879
134.565689
137.436508
138.34964
138.805801
140.313919
143.018784
143.880722
143.954132
146.056732
146.91481
146.828903
150.17662
149.48143
147.58783
144.735916
146.141129
145.014282
144.034561
144.421539
145.911697
146.324081
146.695023
146.250641
148.419952
150.068054
150.535553
148.251572
146.001953
146.045685
147.214783
147.043243
147.074158
148.174591
149.230988
148.449509
149.678253
151.81543
152.540863
152.019897
150.791245
148.958344
149.973511
150.726883
150.898132
151.213211
151.546051
153.725769
154.937424
154.237762
154.259659
153.598007
152.871384
156.704193
152.604004
154.035675
154.901917
155.098114
155.890701
154.873779
153.225876
152.501877
152.314499
152.036804
151.820435
151.012024
152.702957
153.94162
154.338577
153.975586
152.317841
151.269043
151.394394
151.249466
150.18013
150.513702
151.196564
150.723404
150.493774
151.594315
154.032211
154.535919
153.139297
151.878662
151.409073
150.946671
150.550385
150.476425
150.480591
150.994873
152.457382
151.943466
151.378906
151.643066
151.322464
150.192154
149.083054
150.166061
148.560638
149.302216
150.162003
150.151337
149.779984
150.528275
150.531204
149.534103
149.386246
149.232208
148.866196
149.323044
149.252655
149.758286
150.094147
149.943619
NaN

