spoon_left_distanced from_4.txt
0
0
26.2219639
26.2219639
26.2219639
26.2219639
26.2219639
26.2219639
26.2219639
26.2219639
26.2219791
26.2219715
26.2219639
26.2219715
26.2219715
26.2219639
26.2219715
26.2219639
26.2219639
26.2219715
26.2219639
26.2219715
26.2219715
26.2219715
26.2219639
26.2219639
26.2219563
26.2219563
26.2219715
26.2219715
26.2219639
26.2219715
26.2219639
26.2219715
26.2219563
26.2219639
26.2219563
26.2219563
26.2219715
26.2219791
26.2219639
26.2219639
26.2219639
26.2219715
26.2219639
26.2219639
26.2219639
26.2219715
26.2219639
26.2219715
26.2219639
26.2219715
26.2219639
26.2219715
26.2219639
26.2219791
26.2219639
26.2219639
26.2219715
26.2219639
26.2219639
26.2219639
26.2219639
26.2219639
26.2219639
26.2219639
26.2219563
26.2219639
26.2219639
26.2219639
26.2219563
26.2219715
26.2219639
26.2219639
26.2219715
26.2219715
26.2219639
26.2219715
26.2219639
26.2219715
26.2219639
26.2219715
26.2219563
26.2219639
26.2219639
26.2219715
26.2219639
26.2219639
26.2219639
26.2219639
26.2219639
26.2219639
26.2219639
26.2219639
26.2219639
26.2219639
26.2219639
26.2219639
26.2219639
26.2219639
26.2219791
26.2219639
26.2219563
26.2219639
26.2219563
26.2219639
26.2219639
26.2219639
26.2219563
26.2219639
26.2219639
26.2219715
26.2219639
26.2219639
26.2219715
26.2219639
26.2219639
26.2219715
26.2219467
26.2219791
26.2219639
26.2219639
26.2219639
26.2219715
26.2219639
26.2219639
26.2219639
26.2219715
26.2219639
26.2219791
26.2219639
26.2219563
26.2219715
26.2219639
26.2219563
26.2219563
26.2219715
26.2219639
26.2219715
26.2219715
26.2219639
26.2219639
26.2219639
26.2219715
26.2219639
26.2219715
26.2219639
26.2219639
26.2219715
26.2219639
26.2219639
26.2219715
26.2219639
26.2219639
26.2219639
26.2219639
26.2219715
26.2219563
26.2219639
26.2219639
NaN

spoon_left_very close to_1.txt
0
0
26.3069649
26.3069649
26.3069649
26.3069553
26.3069553
26.3069649
26.3069706
26.3069706
26.3069553
26.3069553
26.3069649
26.3069649
26.3069649
26.3069553
26.3069553
26.3069553
26.3069706
26.3069553
26.3069706
26.3069649
26.3069649
26.3069706
26.3069649
26.3069649
26.3069649
26.3069553
26.3069553
26.3069649
26.3069649
26.3069553
26.3069706
26.3069706
26.3069553
26.3069553
26.3069649
26.3069706
26.3069649
26.3069649
26.3069553
26.3069477
26.3069649
26.3069706
26.3069649
26.3069706
26.3069706
26.3069649
26.3069553
26.3069553
26.3069553
26.3069649
26.3069706
26.3069649
26.3069553
26.3069649
26.3069553
26.3069706
26.3069553
26.3069649
26.3069649
26.3069553
26.3069649
26.3069553
26.3069553
26.3069553
26.3069553
26.3069553
26.3069649
26.3069553
26.3069649
26.3069649
26.3069649
26.3069706
26.3069649
26.3069649
26.3069477
26.3069553
26.3069706
26.3069553
26.3069649
26.3069649
26.3069553
26.3069553
26.3069649
26.3069649
26.3069553
26.3069553
26.3069649
26.3069553
26.3069649
26.3069649
26.3069649
26.3069649
26.3069649
26.3069553
26.3069649
26.3069649
26.3069649
26.3069649
26.3069649
26.3069649
26.3069649
26.3069649
26.3069477
26.3069649
26.3069553
26.3069649
26.3069553
26.3069649
26.3069553
26.3069649
26.3069649
26.3069649
26.3069649
26.3069553
26.3069649
26.3069706
26.3069649
26.3069649
26.3069477
26.3069649
26.3069649
26.3069706
26.3069553
26.3069649
26.3069706
26.3069706
26.3069553
26.3069649
26.3069553
26.3069553
26.3069706
26.3069649
26.3069553
26.3069801
26.3069649
26.3069649
26.3069649
26.3069553
26.3069553
26.3069553
26.3069553
26.3069649
26.3069553
26.3069649
26.3069649
26.3069553
26.3069553
26.3069706
26.3069649
26.3069649
26.3069706
26.3069553
26.3069649
26.3069553
26.3069649
26.3069553
26.3069649
26.3069706
NaN

spoon_left_very close to_5.txt
0
0
53.0232544
8.75752926
46.4681473
59.5975113
51.8065033
58.1416931
47.826046
33.4364243
46.3272667
39.135849
20.3220024
41.3034172
39.9034843
44.1608086
46.8423653
63.3208046
45.5544319
63.1513634
45.19487
10.0322886
8.76107311
60.7126999
16.3160744
30.4435234
15.0214834
37.7283211
70.1016998
71.6023636
63.0101624
53.3319244
43.8753433
74.6045761
43.0015106
20.7651043
38.4786568
23.8216724
31.3014221
31.4259472
47.8298035
55.9073639
31.6951523
81.3428421
84.5159454
79.3266983
36.9827309
85.4546051
71.8849335
60.3034554
73.8865738
72.7114182
95.1478119
87.0704117
62.7971954
105.685349
76.6357803
113.268562
122.425148
112.890984
98.0382156
87.8199615
96.9699554
61.9017334
51.5245514
91.0170975
76.5114975
89.9148178
91.1665268
86.1701889
70.4211807
92.480011
53.9458542
67.3659134
60.1469727
35.6086235
31.5933304
58.5442619
70.0092316
92.9104996
49.3813515
97.0717621
86.8662033
132.544586
88.0201187
88.6875381
110.354355
94.953064
117.268913
120.776581
93.1257401
72.9693222
98.5326004
87.1578293
81.3708801
30.045084
71.2172241
66.8814926
37.1969986
19.2951069
38.0932274
48.3794136
79.5252609
94.7679367
74.3643723
37.5655327
37.0608826
80.771965
85.1236038
54.4316254
46.449234
89.5638199
76.1468124
58.2099609
106.313751
66.0292511
94.6127548
72.2883987
60.0082855
83.8335419
67.7375565
68.9586792
67.9781036
61.747467
72.6026001
67.1711044
30.6624813
64.7109375
63.8421402
39.8468094
88.9129181
82.6031799
55.661396
30.4846916
41.1885185
23.519331
57.7745552
52.8402901
72.4627457
28.2075329
43.0859261
56.4446411
54.4131775
56.0629196
72.9883423
60.1128845
69.6785431
94.9251175
39.2130432
39.5158157
45.3138161
55.8178787
64.3146362
40.8251877
44.485508
87.9357376
41.6102676
82.0357437
92.6793365
87.3618393
NaN

spoon_right_distanced from_1.txt
0
0
29.1477242
27.9652271
27.4659386
27.0366783
26.2863121
25.6280689
25.4935303
25.7187977
25.4391785
24.5718994
24.2020512
24.3179092
24.7564621
24.3673363
22.5097389
21.6557407
22.7091827
23.7034683
22.9977779
22.0115185
20.4942913
21.8192329
22.1089134
22.266201
19.9929619
17.4267731
18.1234417
21.3189926
21.3835449
19.2569942
17.7707577
18.3105183
21.7622776
22.9493752
20.6234398
19.6317539
22.5714493
29.3134995
30.8574219
26.7199955
26.4927063
29.0774193
28.4834805
24.5831566
26.932106
35.291378
38.2926025
37.3039246
40.8108482
48.8744736
52.1518745
49.2350845
46.4815369
49.6027565
56.8507118
60.1672249
54.1613808
52.7909546
59.1589394
63.5335197
63.3080902
60.6985397
58.9230537
61.7824135
62.3635216
59.3358345
57.4121399
59.8606339
62.3470688
59.8085442
54.2350998
56.1337852
65.0639877
67.4267883
62.7310066
59.8599358
63.7254143
70.3157806
73.272049
69.9519501
63.2734718
62.4983711
63.0816116
54.200737
50.7063637
59.2596245
66.2462845
64.9212875
63.6022034
70.1594238
73.7811356
67.0475769
60.988739
58.4301453
61.9693031
62.2695847
56.1010551
53.6553192
57.3804283
66.8929443
71.0133972
67.0057526
63.0956917
69.1842117
77.6667633
79.0714264
73.4005127
71.3029861
71.067688
72.4668655
77.6828308
75.9430542
67.7746429
61.8458328
66.101799
70.7038956
66.6788406
57.4938202
54.1779861
56.4507027
62.701931
62.5772362
58.1720238
60.4909782
69.5902634
72.7024841
66.4158859
62.5124817
65.7762146
66.2009888
55.6544876
51.9583664
58.6114922
64.2976837
63.600399
63.8202705
69.6847
72.7497787
69.8625717
63.3811111
59.3391418
62.5789032
67.6186523
65.26931
56.7908974
55.2019806
60.8627014
63.8507805
61.2884903
58.4504356
59.649601
62.165493
60.8682556
57.4941025
59.1118813
62.074913
62.4604759
58.019268
NaN

spoon_right_distanced from_3.txt
0
0
127.208679
127.116951
127.038818
126.919113
126.814064
126.746635
126.558739
125.905922
125.053322
124.759346
124.885681
124.499992
124.540207
124.637215
125.203461
125.635445
126.029449
126.061455
126.239311
125.865112
125.966873
125.574409
125.584969
124.876762
124.887924
124.079102
123.923676
122.957123
122.54142
120.789398
120.442017
119.861992
120.045067
119.298027
119.350945
118.906586
119.549141
119.231239
119.28904
118.23056
118.175865
117.411552
117.321831
116.044014
115.673042
114.156624
113.719696
111.763535
110.84269
109.171333
108.314827
106.319
105.359222
103.941734
104.131943
102.386208
102.746895
101.666801
100.698219
98.4303818
96.1695328
93.8671951
93.3483429
92.4238968
92.5028
90.1709518
86.8326035
82.8765564
78.775238
76.144371
73.6875458
70.420517
68.6558762
67.9217987
70.9026871
71.1872559
70.9467316
70.2027512
70.9786606
71.5648193
72.4352188
71.9211884
73.2751923
73.7833328
75.4182129
75.2975693
74.8238525
73.7175598
73.5986404
73.6214447
73.7124176
74.0549164
75.0113068
76.4087219
78.5337601
82.180191
85.816452
89.0329132
90.5544128
89.8820801
88.8342209
87.6043167
88.5236816
89.7399063
91.3789825
92.3625488
91.2918472
89.8736496
89.6795197
90.0125427
92.222229
93.3461304
92.9635239
92.3285217
88.1339035
74.6747208
71.0648651
71.1132355
71.614296
71.4403305
71.2217636
71.4962769
72.0305099
71.5668564
70.7728348
69.876297
69.7335587
70.9595947
71.9466705
75.2461319
79.2931213
84.5535583
87.7473373
90.6651611
94.9238968
96.3876114
95.835907
93.8611145
91.6419067
92.5005951
97.4311447
97.6352081
90.2273407
85.4847488
76.5884933
71.7666397
67.4529724
66.1506729
65.8956375
65.5145798
64.4313507
64.6995544
65.53685
65.882515
65.9728622
66.9371185
66.4144669
66.3222961
65.8978195
65.9336319
65.5465012
65.6970291
65.3569031
64.4488983
63.5426903
63.2865944
61.6993332
61.5063133
61.7904396
62.2337265
61.6430855
62.902401
66.1225052
NaN

spoon_right_distanced from_4.txt
0
0
180
180
180
180
180
180
180
180
180
180
180
180
180
180
180
180
180
180
180
180
180
180
180
180
180
180
180
180
180
180
180
180
180
180
180
180
180
180
180
180
180
180
180
180
180
180
180
180
180
180
180
180
180
180
180
180
180
180
180
180
180
180
180
180
180
180
180
180
180
180
180
180
180
180
180
180
180
180
180
180
180
180
180
180
180
180
180
180
180
180
180
180
180
180
180
180
180
180
180
180
180
180
180
180
180
180
180
180
180
180
180
180
180
180
180
180
180
180
180
180
180
180
180
180
180
180
180
180
180
180
180
180
180
180
NaN

spoon_right_very close to_4.txt
0
0
151.892593
153.799973
118.41391
152.987091
115.756462
134.180222
143.405945
118.958046
151.10643
127.042709
142.051743
129.553802
127.690224
141.055557
128.422806
130.602432
119.623199
119.689682
120.603699
150.096359
146.566132
150.695099
121.510895
131.145447
141.9272
149.2827
141.996017
148.789154
140.567993
128.919769
144.48288
127.583321
145.551697
139.920685
118.729683
141.061905
141.740005
144.548569
142.880753
131.194962
144.576385
117.455994
123.678062
123.018562
141.56456
128.722137
125.898544
126.217308
118.84214
133.749802
119.105034
145.363281
118.08371
123.855537
120.140656
122.804756
131.659851
122.532501
132.822571
142.409088
143.399216
138.123276
131.981918
143.912048
129.206131
124.634491
143.186005
145.67392
139.830627
132.513947
125.158028
123.852425
140.80394
133.949951
123.897285
139.994675
127.715675
131.68808
135.358444
129.767975
123.588043
139.680283
132.00322
142.242432
144.838089
146.540497
136.082718
135.673447
126.07132
123.645416
136.852295
126.196121
146.417572
128.305099
128.359985
125.476242
139.763168
146.590546
138.724304
125.186577
124.128418
128.471115
144.211456
138.304489
134.630737
123.960152
128.617096
133.05365
146.147217
126.734833
140.616898
130.048874
127.29657
138.704437
125.322403
146.116272
125.369308
126.573677
143.484238
124.11264
145.891678
142.154266
135.857758
135.845139
134.818176
131.673279
140.122894
126.231285
137.652435
124.967194
130.728287
131.906784
128.451492
124.447495
124.785248
124.894119
125.711861
140.458435
124.576439
139.104935
141.987839
138.074265
145.081329
143.407181
124.155876
133.742462
134.340439
130.514877
139.582458
135.891342
142.94603
127.947777
144.16217
125.593056
125.719376
143.948761
134.220764
139.567734
NaN

spoon_right_very close to_5.txt
0
0
179.624146
179.713333
179.792526
179.834488
179.825287
179.578949
179.158844
178.759674
178.257736
178.297729
178.642029
179.21666
179.285095
178.479156
178.098846
177.084625
175.929794
175.038483
174.306946
173.643951
172.871094
171.881821
170.878571
169.698776
168.352859
166.760147
165.125809
163.700729
162.265213
160.584747
158.767059
156.95047
155.306686
153.556564
151.833099
149.924835
147.70961
145.225113
142.155273
138.528412
133.736679
134.978821
133.36084
135.312912
147.64476
147.64476
147.64476
147.64476
147.64476
147.645157
147.64476
147.64476
147.644775
147.64476
147.64476
147.64476
147.643784
147.64476
147.64476
147.64476
147.64476
147.64476
147.64476
124.574402
125.695358
147.64476
125.794846
124.09066
123.658745
123.704002
123.715508
124.2061
125.874924
147.646057
125.592552
124.548187
147.644821
147.64476
147.64476
147.64476
147.64476
147.64476
147.64476
147.64476
147.64476
147.64476
147.657211
147.64476
147.64476
147.64476
147.64476
147.64476
147.64476
147.64476
147.64476
147.64476
147.64476
147.64476
147.64476
147.64476
147.64476
147.64476
147.64476
147.64476
147.64476
147.64476
147.64476
147.64476
147.64476
147.64476
147.64476
147.64476
147.64476
147.64476
147.64476
147.64476
147.64476
147.64476
147.644531
147.644028
147.64476
147.64476
147.645142
147.644745
147.643219
119.37149
118.823151
147.64476
147.64476
147.645462
147.64476
147.64476
147.64476
147.644791
147.64473
147.645554
147.64476
147.644302
147.64476
147.64476
147.64476
147.64476
147.64476
NaN

