wood_left_distanced from_4.txt
90
90
90
90
90
90
90
90
90
90
90
90
90
90
90
90
90
90
90
90
90
90
90
90
90
90
90
90
90
90
90
90
90
90
90
90
90
90
90
90
90
90
90
90
90
90
90
90
90
90
90
90
90
90
90
90
90
90
90
90
90
90
90
90
90
90
90
90
90
90
90
90
90
90
90
90
90
90
90
90
90
90
90
90
90
90
90
90
90
90
90
90
90
90
90
90
90
90
90
90
90
90
90
90
90
90
90
90
90
90
90
90
90
90
90
90
90
90
90
90
90
90
90
90
90
90
90
90
90
90
90
90
90
90
90
90
90
90
90
90
90
90
90
90
90
90
90
90
90
90
90
90
90
90
90
90
90
90
90
90
90
90
90
90
90
90
90
90
90
90
90
90
90
90
90
90
90
90
90
90
90
90
90
90
90
90
90
90
90
90
NaN

wood_left_distanced from_5.txt
90
90
113.442764
112.938309
112.97258
112.3442
112.620735
111.755402
111.795769
110.418571
109.723129
108.570854
108.425247
107.428772
107.383278
106.626556
106.968124
106.38588
106.887047
106.180588
106.410484
105.408844
105.730255
105.15361
105.349258
104.131859
104.064896
102.926086
103.308693
102.359726
102.902443
102.343513
103.226654
102.385002
103.12825
102.356201
103.314682
102.806282
103.976952
103.304634
104.508682
103.959015
105.442764
105.12764
106.823677
106.645119
108.500694
108.456581
110.465553
110.589478
112.775978
112.985428
115.208275
115.733307
117.438919
118.799011
121.694412
121.874153
124.517136
125.573166
129.147171
130.882416
133.471863
133.974747
136.437531
136.868301
139.121231
139.354019
141.466644
141.650055
143.727448
143.987381
146.130676
146.325119
148.331909
148.54628
150.606644
150.74855
152.71521
152.881348
155.047119
155.361359
157.499527
157.701828
159.764542
159.956192
161.471893
161.115189
160.810791
159.02153
156.751694
155.275299
155.891693
155.399918
155.554977
154.450912
154.193665
154.125595
155.081924
156.977371
158.50119
159.447968
159.263885
159.326248
159.105225
159.09996
158.867081
159.408493
160.756989
167.573563
168.62442
168.641983
166.294861
165.903473
163.961639
163.81311
161.617157
161.32782
159.401001
159.342224
157.3526
157.056381
154.641418
153.480728
149.75647
148.672546
146.250305
145.791718
143.817078
143.720139
142.258636
142.201752
140.332352
140.024658
137.86972
137.71431
136.377335
136.449905
135.266449
135.827438
134.442657
134.416931
132.361755
132.125565
130.08847
129.905655
127.747681
127.494118
125.404259
125.161835
123.080338
122.928848
120.886101
120.692734
118.582413
118.343933
116.237213
116.082222
114.000359
113.816162
NaN

wood_left_very close to_1.txt
90
90
51.23032
53.1981773
54.9143028
57.0731926
57.9348526
57.6583557
57.4673119
58.4282799
60.1252899
61.2512321
61.2537308
60.0961647
59.7279205
59.873909
61.4613495
63.9611778
66.6373825
68.8447952
70.4680405
71.8625183
73.2988968
74.5929184
76.0619965
77.9851303
80.1608734
82.1275635
83.983429
85.8336411
87.8696747
89.9432678
92.1754303
94.4009171
96.6173935
98.8509598
101.11264
103.477524
105.843346
108.184441
110.269417
112.450912
114.114182
115.935921
117.349007
119.152199
118.555641
119.106644
119.799568
120.271873
120.807457
121.003944
121.156898
121.430573
121.940254
122.353264
122.851364
123.121773
123.100456
122.601006
122.397049
122.38456
122.55661
123.242676
123.773315
124.301697
124.440636
124.065727
123.735611
123.185287
122.546097
122.513733
122.960579
124.119591
124.839783
125.635239
125.875473
125.994576
125.809547
125.188957
125.046944
124.957588
125.231354
125.94648
125.929947
125.16256
124.848358
124.904022
125.084808
125.675552
125.870064
125.798401
125.516037
125.034744
123.976639
123.180252
122.661308
122.856445
123.781662
124.2006
124.708656
124.687576
124.243439
123.839775
123.042252
122.558304
122.283669
122.333374
122.636665
122.897797
122.648163
122.398796
121.81517
121.630974
121.201447
120.945839
120.760056
120.5746
120.191223
119.78746
119.146507
118.609856
118.111061
118.480209
119.169701
120.085449
120.890213
121.493095
121.72554
121.749641
121.570404
121.506195
121.563957
121.569405
121.60939
121.437256
121.300171
121.061691
120.863777
121.026039
121.295776
122.03566
122.57238
122.470291
121.807098
NaN

wood_left_very close to_4.txt
90
90
95.9689941
96.5062637
96.9297256
97.5868073
98.2328949
98.9655762
99.7117691
100.461037
101.290512
102.111305
102.970154
103.758614
104.534294
105.440552
106.279976
107.185059
107.926079
108.777046
109.537422
110.432648
111.325485
112.276268
113.330536
114.392128
115.454613
116.471596
117.385902
118.349693
119.288422
120.239334
121.062538
121.991974
122.883232
123.844406
124.733177
125.712814
126.637886
127.594749
128.475098
129.529404
130.354385
131.243301
132.03743
132.916122
133.721634
134.697235
135.500656
136.442749
137.231827
138.216278
139.022125
140.053146
140.85466
141.839523
142.662384
143.702118
144.443481
145.420044
146.05217
146.931503
147.506104
148.316925
148.869247
149.863388
150.489182
151.46843
152.011856
153.388077
153.169754
153.743668
154.367371
154.9673
154.740906
154.099503
152.450882
152.437851
151.902756
151.814438
151.336273
151.417297
151.086777
151.018448
150.474228
150.509628
149.721115
149.545944
148.925232
148.827637
148.124313
148.082977
147.479401
147.488312
147.112503
147.313614
147.044983
147.23819
146.764282
146.853531
146.277756
146.148315
145.479385
145.313309
144.678329
144.553574
143.811111
143.639465
143.038483
143.061584
142.509552
142.618912
142.140152
142.388321
142.218231
142.957458
142.867615
142.871078
142.239166
143.230774
142.643295
141.333679
139.704208
138.8293
137.614273
137.276184
137.709534
136.856216
137.159592
137.770432
138.229858
139.332077
139.215164
138.563553
136.830933
136.791946
135.929886
135.670364
134.623657
134.634995
134.319855
134.551392
134.1577
134.200317
133.433472
133.331467
132.539734
132.40657
131.49585
131.34021
130.503067
130.474289
129.845779
129.951797
129.541428
129.807953
129.411652
129.494354
128.924103
128.929153
128.210953
127.972038
127.182152
127.098427
126.409714
126.446503
125.963623
126.121986
125.526543
125.719154
125.13517
125.014717
124.238304
124.198769
123.518494
NaN

wood_left_very close to_5.txt
90
90
153.289536
152.734589
152.312714
151.946075
151.683548
151.5392
151.525818
151.528427
151.561157
151.572189
151.606384
151.519897
151.334854
151.023346
150.558777
150.002289
149.40744
148.831116
148.348038
148.037918
147.780197
147.538345
147.328583
147.093857
146.85611
146.625488
146.320023
145.88678
145.338974
144.702881
144.000549
143.255478
142.538681
141.872711
141.2612
140.680603
140.181244
139.761414
139.335022
138.774963
138.073486
137.31041
136.529221
135.681168
134.864014
134.092911
133.293579
132.529221
131.793442
131.093689
130.356598
129.614471
128.855347
128.082932
127.245865
126.359825
125.413422
124.378815
123.284286
122.163399
121.030609
119.925407
118.892288
117.870705
116.835457
115.815529
114.782494
113.745636
112.688965
111.57589
110.399284
109.180626
107.928154
106.661469
105.383415
104.100266
102.810905
101.517792
100.210709
98.8766174
97.4728012
96.0138397
94.4941406
92.8393936
92.6569901
91.6541443
90.4982376
89.7217255
90.0757446
92.0588837
92.0595856
92.066597
92.0649338
92.0637054
92.0659332
92.0719833
92.0780792
92.0846405
92.0896683
92.084198
92.0681839
92.051857
92.0361557
92.0354538
92.0262985
92.0178146
92.0270996
92.0313187
92.0379715
92.0569763
92.0749435
92.0757217
92.0645218
92.0530777
92.0544739
92.0500183
92.0450897
92.0387039
92.0337448
92.0398331
92.0448456
92.0465622
92.0553665
92.0723877
92.0843811
92.0750046
92.0579834
92.0419083
92.0318985
92.0290527
92.0401154
92.0573349
92.0596695
92.0582504
92.0660324
92.0650864
92.0637512
92.0655899
92.0706406
92.077446
92.0834045
92.0892944
92.0858688
92.0698929
92.0538177
92.0373306
92.0354309
92.0281601
92.0173035
92.0262833
92.0311279
92.0366669
92.0539474
92.0743561
92.075676
92.0664063
92.0536728
92.0541611
92.0507736
92.0455475
92.0396957
92.033577
92.0393524
92.0440826
92.0461349
92.054039
92.0705338
92.084137
92.0764847
92.0595932
92.0431213
92.0325699
92.0289459
92.0384216
92.0562363
92.0602112
92.0579529
92.0657043
92.0654907
92.0638123
92.0654449
92.0698853
92.0770798
92.0828247
92.0890884
92.0869446
92.0714798
92.0556717
NaN

wood_right_distanced from_4.txt
90
90
21.635994
21.463047
21.9706154
22.1739178
21.8027534
21.8975945
22.3372059
22.0687447
22.7554035
22.7714214
21.8748646
21.4437561
21.4708481
21.075037
19.7012138
19.3870354
19.9656544
20.5147076
20.4757786
19.9186745
20.2343616
21.7000542
23.4553986
23.1830044
21.4614697
21.3440113
21.9723225
22.1686497
22.2621727
23.2512074
24.525425
24.0714417
23.3882046
24.6740055
26.7766991
27.4888763
27.0762291
26.5321903
27.0556812
28.1825161
29.2337933
29.2931137
28.3082237
28.9330845
30.3821945
30.6090221
30.4066391
31.2519894
32.0840416
32.734623
33.5200157
34.5659866
35.1762505
35.7822762
37.1818657
37.964138
37.3976707
37.2980156
38.5413933
39.4041252
39.5059166
39.0442009
39.3629417
41.8462601
43.5606117
44.2847061
44.2334175
43.4746857
44.4805908
46.2570076
45.9673882
45.1954536
46.1808739
47.0951538
47.4195557
48.7937965
51.1761398
54.110981
54.5121002
53.3127708
53.6165161
55.1035271
55.7900505
56.1020279
55.9955444
56.7203598
59.2559967
60.1337509
60.342701
61.6329422
63.6403503
64.2228851
63.7437057
65.4726639
65.0472794
65.18573
67.4475021
67.9920883
67.8773499
67.9083099
69.3347931
68.7129745
67.1231689
66.0362244
64.7728119
64.9561005
65.428009
65.2054138
66.694809
67.8021851
67.4869232
65.3602142
63.1673851
63.2082863
64.1774826
64.1577682
63.7302475
64.3640823
65.0672989
64.730835
65.764122
66.8292084
67.5188751
66.9962616
65.6734619
64.0230865
64.5915298
65.0683441
65.1412506
65.9788437
66.5000458
68.5712891
69.3745499
68.8263931
68.733284
67.8038025
66.7095261
70.6179657
66.1847382
67.6687546
68.5355225
68.6881943
69.2428284
68.3063812
66.8083649
66.0771866
65.6922684
65.2780533
65.0467529
64.3343964
64.9055862
67.0297241
67.6261902
67.1671066
65.9929657
64.4402313
64.4121399
64.5823517
63.8312874
63.970562
64.6854248
64.0895844
63.6530266
64.7658005
67.0619354
68.1795807
67.2350159
65.3190765
65.1568298
64.905098
64.5440674
64.2598114
64.1539764
64.6912155
66.2967834
65.5759354
65.0229034
65.5088272
65.6658936
64.4025955
63.3287773
64.6899719
63.2519493
64.34095
65.7570038
65.4336853
64.8304291
65.4291382
65.9114151
64.7423019
64.2224731
64.4000168
64.7340012
65.1378479
64.9662399
65.6922226
67.1383438
67.9733124
66.8786392
63.6102753
63.1167412
64.204277
64.5540619
NaN

wood_right_distanced from_5.txt
90
90
70.9830933
70.6462479
70.3311996
70.1421738
70.0957718
70.3839874
70.9780731
71.2971802
71.3060989
71.0684662
70.9043427
70.8574448
70.8178024
70.5232468
70.7305527
71.1366425
71.5769958
72.1797638
72.8556137
73.4778976
73.764061
74.002533
74.5095367
74.9113083
75.0898361
75.0470428
75.6184769
76.2500763
77.2062988
78.2070999
79.0953064
80.6505432
82.858429
85.2594376
86.7617188
88.3559341
89.8996964
91.033844
91.7687149
91.5746613
91.6449051
91.7670822
92.2305145
93.5759659
95.343605
96.6469421
98.3518677
100.034927
101.796967
103.286865
105.720467
108.271393
111.361557
114.601707
117.442657
118.279259
120.788963
121.815842
122.003342
118.046501
115.867714
114.194
113.864311
114.122208
114.039261
113.684937
113.686508
113.544762
113.683098
113.761108
114.798378
115.745796
117.642647
118.261475
118.596443
119.178154
119.71405
119.118515
118.511353
117.926384
118.252335
117.479218
117.723816
118.518921
118.956627
119.267082
118.492226
116.87709
116.190987
116.008247
116.190155
117.377472
117.834572
117.824768
117.272003
115.706741
115.179245
114.281868
113.698364
113.025101
113.106606
113.633339
113.818222
113.74646
113.819191
114.155792
114.510406
114.199692
113.946991
113.794907
113.775261
114.131012
114.669235
114.91304
115.096336
115.701271
117.19912
118.666031
122.237755
124.627228
126.956345
126.237129
125.198082
125.561203
129.002884
131.704819
134.216858
134.000275
131.407227
128.216934
124.802895
124.515923
125.092934
125.33065
124.13765
122.438301
122.28376
122.130463
120.256737
119.630737
121.145164
121.919617
122.431358
122.768539
122.889336
122.806007
122.666443
122.736496
123.098831
123.459015
123.570198
123.269981
123.596878
124.420395
124.248695
123.038086
121.322586
120.257309
NaN

wood_right_very close to_4.txt
90
90
0
0
0
0
0
0
0
0
0
0
0
0
0
0
0
0
0
0
0
0
0
0
0
0
0
0
0
0
0
0
0
0
0
0
0
0
0
0
0
0
0
0
0
0
0
0
0
0
0
0
0
0
0
0
0
0
0
0
0
0
0
0
0
0
0
0
0
0
0
0
0
0
0
0
0
0
0
0
0
0
0
0
0
0
0
0
0
0
0
0
0
0
0
0
0
0
0
0
0
0
0
0
0
0
0
0
0
0
0
0
0
0
0
0
0
0
0
0
0
0
0
0
0
0
0
0
0
0
0
0
0
0
0
0
0
0
0
0
0
0
0
0
0
0
0
0
0
0
0
0
0
0
0
0
0
0
0
0
NaN

wood_right_very close to_5.txt
90
90
77.5220642
77.4636002
77.4320831
77.381424
77.3252182
77.1098251
77.2138519
77.592247
78.2715225
78.809433
79.2802658
80.0168076
80.634407
81.3626251
81.8893509
82.7906876
83.5768356
84.5601578
85.6397171
86.8854218
88.3240662
91.139946
92.812088
94.4376373
96.1495209
97.8962402
99.8997421
101.609566
103.425705
105.298454
107.754585
110.060608
112.565208
113.637207
116.320786
119.009315
121.734123
124.804787
127.58873
130.187378
132.974731
135.476379
138.404312
141.230026
144.218063
147.185867
150.488571
153.545303
156.802826
159.831665
162.647232
165.273972
168.055771
170.66655
172.947876
175.153503
177.629654
178.882324
176.04393
174.401215
173.344788
174.153336
173.720993
173.254105
173.524246
173.82515
174.116165
174.015778
173.586319
173.658691
173.054031
172.404816
171.70668
171.110779
170.457245
170.472733
170.082382
170.2724
170.175812
170.660629
170.677505
171.038147
170.706177
170.455566
170.04126
169.708984
169.039459
168.136047
167.379684
166.890991
167.010696
168.951126
168.488098
166.597229
166.570633
167.083633
167.113358
167.584351
167.327652
167.240906
166.663757
166.142014
165.044754
164.574203
164.145874
164.122192
164.016602
164.368195
164.228546
164.219421
163.911255
163.825165
163.672974
163.409821
162.418549
161.488358
160.540436
160.134628
159.88559
159.802048
159.622742
159.811005
160.01973
160.373856
160.577118
160.711121
160.408081
160.275528
159.821564
159.164673
157.908218
158.468948
156.407562
156.033356
155.490005
156.652466
155.312378
155.877045
156.320282
156.528122
156.747452
156.851303
156.508072
156.137573
155.452423
154.821198
154.253204
154.036362
153.477524
153.415161
153.430084
154.345718
154.131958
154.153305
153.784592
153.947052
153.488693
152.745804
NaN

